countryterritoryCode,continentExp,countriesAndTerritories,dateRep,total_cases,cases,new_cases_smoothed,total_deaths,deaths,new_deaths_smoothed,total_cases_per_million,new_cases_per_million,new_cases_smoothed_per_million,total_deaths_per_million,new_deaths_per_million,new_deaths_smoothed_per_million,reproduction_rate,icu_patients,icu_patients_per_million,hosp_patients,hosp_patients_per_million,weekly_icu_admissions,weekly_icu_admissions_per_million,weekly_hosp_admissions,weekly_hosp_admissions_per_million,new_tests,total_tests,total_tests_per_thousand,new_tests_per_thousand,new_tests_smoothed,new_tests_smoothed_per_thousand,positive_rate,tests_per_case,tests_units,total_vaccinations,people_vaccinated,people_fully_vaccinated,new_vaccinations,new_vaccinations_smoothed,total_vaccinations_per_hundred,people_vaccinated_per_hundred,people_fully_vaccinated_per_hundred,new_vaccinations_smoothed_per_million,stringency_index,popData2019,population_density,median_age,aged_65_older,aged_70_older,gdp_per_capita,extreme_poverty,cardiovasc_death_rate,diabetes_prevalence,female_smokers,male_smokers,handwashing_facilities,hospital_beds_per_thousand,life_expectancy,human_development_index,excess_mortality
BRA,South America,Brazil,2021-01-01,7700578,24605,36003,195411,462,703,36228,116,169,919,2,3,1,,,,,,,,,,,,,,,,,,,,,,,,,,,64,212559409,25,34,9,5,14103,3,178,8,10,18,,2,76,1,
BRA,South America,Brazil,2021-01-02,7716405,15827,35800,195725,314,704,36302,74,168,921,1,3,1,,,,,,,,,,,,,,,,,,,,,,,,,,,64,212559409,25,34,9,5,14103,3,178,8,10,18,,2,76,1,
BRA,South America,Brazil,2021-01-03,7733746,17341,35637,196018,293,697,36384,82,168,922,1,3,1,,,,,,,,,,,,,,,,,,,,,,,,,,,64,212559409,25,34,9,5,14103,3,178,8,10,18,,2,76,1,
BRA,South America,Brazil,2021-01-04,7753752,20006,35560,196561,543,713,36478,94,167,925,3,3,1,,,,,,,,,,,,,,,,,,,,,,,,,,,64,212559409,25,34,9,5,14103,3,178,8,10,18,,2,76,1,
BRA,South America,Brazil,2021-01-05,7810400,56648,35264,197732,1171,722,36745,267,166,930,6,3,1,,,,,,,,,,,,,,,,,,,,,,,,,,,64,212559409,25,34,9,5,14103,3,178,8,10,18,,2,76,1,
BRA,South America,Brazil,2021-01-06,7873830,63430,36376,198974,1242,728,37043,298,171,936,6,3,1,,,,,,,,,,,,,,,,,,,,,,,,,,,64,212559409,25,34,9,5,14103,3,178,8,10,18,,2,76,1,
BRA,South America,Brazil,2021-01-07,7961673,87843,40814,200498,1524,793,37456,413,192,943,7,4,1,,,,,,,,,,,,,,,,,,,,,,,,,,,62,212559409,25,34,9,5,14103,3,178,8,10,18,,2,76,1,
BRA,South America,Brazil,2021-01-08,8013708,52035,44733,201460,962,864,37701,245,210,948,5,4,1,,,,,,,,,,,,,,,,,,,,,,,,,,,62,212559409,25,34,9,5,14103,3,178,8,10,18,,2,76,1,
BRA,South America,Brazil,2021-01-09,8075998,62290,51370,202631,1171,987,37994,293,242,953,6,5,1,,,,,,,,,,,,,,,,,,,,,,,,,,,62,212559409,25,34,9,5,14103,3,178,8,10,18,,2,76,1,
BRA,South America,Brazil,2021-01-10,8105790,29792,53149,203100,469,1012,38134,140,250,955,2,5,1,,,,,,,,,,,,,,,,,,,,,,,,,,,62,212559409,25,34,9,5,14103,3,178,8,10,18,,2,76,1,
BRA,South America,Brazil,2021-01-11,8131612,25822,53980,203580,480,1003,38256,121,254,958,2,5,1,,,,,,,,,,,,,,,,,,,,,,,,,,,62,212559409,25,34,9,5,14103,3,178,8,10,18,,2,76,1,
BRA,South America,Brazil,2021-01-12,8195637,64025,55034,204690,1110,994,38557,301,259,963,5,5,1,,,,,,,,,,,,,,,,,,,,,,,,,,,62,212559409,25,34,9,5,14103,3,178,8,10,18,,2,76,1,
BRA,South America,Brazil,2021-01-13,8256536,60899,54672,205964,1274,999,38843,287,257,969,6,5,1,,,,,,,,,,,,,,,,,,,,,,,,,,,64,212559409,25,34,9,5,14103,3,178,8,10,18,,2,76,1,
BRA,South America,Brazil,2021-01-14,8324294,67758,51803,207095,1131,942,39162,319,244,974,5,4,1,,,,,,,,,,,,,,,,,,,,,,,,,,,73,212559409,25,34,9,5,14103,3,178,8,10,18,,2,76,1,
BRA,South America,Brazil,2021-01-15,8393492,69198,54255,208246,1151,969,39488,326,255,980,5,5,1,,,,,,,,,,,,,,,,,,,,,,,,,,,73,212559409,25,34,9,5,14103,3,178,8,10,18,,2,76,1,
BRA,South America,Brazil,2021-01-16,8455059,61567,54152,209296,1050,952,39777,290,255,985,5,4,1,,,,,,,,,,,,,,,,,,0,0,,,,0,0,,,73,212559409,25,34,9,5,14103,3,178,8,10,18,,2,76,1,
BRA,South America,Brazil,2021-01-17,8488099,33040,54616,209847,551,964,39933,155,257,987,3,5,1,,,,,,,,,,,,,,,,,,112,112,,112,112,0,0,,1,73,212559409,25,34,9,5,14103,3,178,8,10,18,,2,76,1,
BRA,South America,Brazil,2021-01-18,8511770,23671,54308,210299,452,960,40044,111,255,989,2,5,1,,,,,,,,,,,,,,,,,,1109,1109,,997,554,0,0,,3,73,212559409,25,34,9,5,14103,3,178,8,10,18,,2,76,1,
BRA,South America,Brazil,2021-01-19,8573864,62094,54032,211491,1192,972,40336,292,254,995,6,5,1,,,,,,,,,,,,,,,,,,11470,11470,,10361,3823,0,0,,18,73,212559409,25,34,9,5,14103,3,178,8,10,18,,2,76,1,
BRA,South America,Brazil,2021-01-20,8638249,64385,54530,212831,1340,981,40639,303,257,1001,6,5,1,,,,,,,,,,,,,,,,,,28543,28543,,17073,7136,0,0,,34,73,212559409,25,34,9,5,14103,3,178,8,10,18,,2,76,1,
BRA,South America,Brazil,2021-01-21,8697368,59119,53296,214147,1316,1007,40917,278,251,1007,6,5,1,,,,,,,,,,,,,,,,,,136519,136519,,107976,27304,0,0,,128,73,212559409,25,34,9,5,14103,3,178,8,10,18,,2,76,1,
BRA,South America,Brazil,2021-01-22,8753920,56552,51490,215243,1096,1000,41183,266,242,1013,5,5,1,,,,,,,,,,,,,,,,,,245877,245877,,109358,40980,0,0,,193,73,212559409,25,34,9,5,14103,3,178,8,10,18,,2,76,1,
BRA,South America,Brazil,2021-01-23,8816254,62334,51599,216445,1202,1021,41477,293,243,1018,6,5,1,,,,,,,,,,,,,,,,,,537774,537774,,291897,76825,0,0,,361,73,212559409,25,34,9,5,14103,3,178,8,10,18,,2,76,1,
BRA,South America,Brazil,2021-01-24,8844577,28323,50925,217037,592,1027,41610,133,240,1021,3,5,1,,,,,,,,,,,,,,,,,,604722,604722,,66948,86373,0,0,,406,73,212559409,25,34,9,5,14103,3,178,8,10,18,,2,76,1,
BRA,South America,Brazil,2021-01-25,8871393,26816,51375,217664,627,1052,41736,126,242,1024,3,5,1,,,,,,,,,,,,,,,,,,700608,700608,,95886,99928,0,0,,470,73,212559409,25,34,9,5,14103,3,178,8,10,18,,2,76,1,
BRA,South America,Brazil,2021-01-26,8933356,61963,51356,218878,1214,1055,42028,292,242,1030,6,5,1,,,,,,,,,,,,,,,,,,848883,848883,,148275,119630,0,0,,563,70,212559409,25,34,9,5,14103,3,178,8,10,18,,2,76,1,
BRA,South America,Brazil,2021-01-27,8996876,63520,51232,220161,1283,1047,42326,299,241,1036,6,5,1,,,,,,,,,,,,,,,,,,1129885,1129885,,281002,157335,1,1,,740,70,212559409,25,34,9,5,14103,3,178,8,10,18,,2,76,1,
BRA,South America,Brazil,2021-01-28,9058687,61811,51617,221547,1386,1057,42617,291,243,1042,7,5,1,,,,,,,,,,,,,,,,,,1450900,1450900,,321015,187769,1,1,,883,70,212559409,25,34,9,5,14103,3,178,8,10,18,,2,76,1,
BRA,South America,Brazil,2021-01-29,9118513,59826,52085,222666,1119,1060,42899,281,245,1048,5,5,1,,,,,,,,,,,,,,,,,,1668032,1656851,,217132,203165,1,1,,956,70,212559409,25,34,9,5,14103,3,178,8,10,18,,2,76,1,
BRA,South America,Brazil,2021-01-30,9176975,58462,51532,223945,1279,1071,43174,275,242,1054,6,5,1,,,,,,,,,,,,,,,,,,2003211,1923813,,335179,209348,1,1,,985,70,212559409,25,34,9,5,14103,3,178,8,10,18,,2,76,1,
BRA,South America,Brazil,2021-01-31,9204731,27756,51451,224504,559,1067,43304,131,242,1056,3,5,1,,,,,,,,,,,,,,,,,,2074059,2046523,,70848,209905,1,1,,988,70,212559409,25,34,9,5,14103,3,178,8,10,18,,2,76,1,36
BRA,South America,Brazil,2021-02-01,9229322,24591,51133,225099,595,1062,43420,116,241,1059,3,5,1,,,,,,,,,,,,,,,,,,2124307,2107624,,50248,203386,1,1,,957,70,212559409,25,34,9,5,14103,3,178,8,10,18,,2,76,1,
BRA,South America,Brazil,2021-02-02,9283418,54096,50009,226309,1210,1062,43674,254,235,1065,6,5,1,,,,,,,,,,,,,,,,,,2292551,2292551,,168244,206238,1,1,,970,70,212559409,25,34,9,5,14103,3,178,8,10,18,,2,76,1,
BRA,South America,Brazil,2021-02-03,9339420,56002,48935,227563,1254,1057,43938,263,230,1071,6,5,1,,,,,,,,,,,,,,,,,,2521704,2521704,,229153,198831,1,1,,935,70,212559409,25,34,9,5,14103,3,178,8,10,18,,2,76,1,
BRA,South America,Brazil,2021-02-04,9396293,56873,48229,228795,1232,1035,44205,268,227,1076,6,5,1,,,,,,,,,,,,,,,,,,3073057,3073057,,551353,231737,1,1,,1090,70,212559409,25,34,9,5,14103,3,178,8,10,18,,2,76,1,
BRA,South America,Brazil,2021-02-05,9447165,50872,46950,230034,1239,1053,44445,239,221,1082,6,5,1,,,,,,,,,,,,,,,,,,3074906,3074906,,1849,200982,1,1,,946,70,212559409,25,34,9,5,14103,3,178,8,10,18,,2,76,1,
BRA,South America,Brazil,2021-02-06,9447165,0,38599,230034,0,870,44445,0,182,1082,0,4,1,,,,,,,,,,,,,,,,,,3401383,3399421,1962,326477,199739,2,2,0,940,70,212559409,25,34,9,5,14103,3,178,8,10,18,,2,76,1,
BRA,South America,Brazil,2021-02-07,9524640,77475,45701,231534,1500,1004,44809,364,215,1089,7,5,1,,,,,,,,,,,,,,,,,,3553681,3534004,19677,152298,211375,2,2,0,994,70,212559409,25,34,9,5,14103,3,178,8,10,18,,2,76,1,
BRA,South America,Brazil,2021-02-08,9524640,0,42188,231534,0,919,44809,0,198,1089,0,4,1,,,,,,,,,,,,,,,,,,3605538,3579850,25688,51857,211604,2,2,0,996,70,212559409,25,34,9,5,14103,3,178,8,10,18,,2,76,1,
BRA,South America,Brazil,2021-02-09,9599565,74925,45164,233520,1986,1030,45162,352,212,1099,9,5,1,,,,,,,,,,,,,,,,,,3820207,3786591,33616,214669,218237,2,2,0,1027,70,212559409,25,34,9,5,14103,3,178,8,10,18,,2,76,1,
BRA,South America,Brazil,2021-02-10,9659167,59602,45678,234850,1330,1041,45442,280,215,1105,6,5,1,,,,,,,,,,,,,,,,,,4120332,4069677,50655,300125,228375,2,2,0,1074,70,212559409,25,34,9,5,14103,3,178,8,10,18,,2,76,1,
BRA,South America,Brazil,2021-02-11,9713909,54742,45374,236201,1351,1058,45700,258,213,1111,6,5,1,,,,,,,,,,,,,,,,,,4406835,4326075,80760,286503,190540,2,2,0,896,70,212559409,25,34,9,5,14103,3,178,8,10,18,,2,76,1,
BRA,South America,Brazil,2021-02-12,9765455,51546,45470,237489,1288,1065,45942,243,214,1117,6,5,1,,,,,,,,,,,,,,,,,,4696136,4586270,109866,289301,231604,2,2,0,1090,70,212559409,25,34,9,5,14103,3,178,8,10,18,,2,76,1,
BRA,South America,Brazil,2021-02-13,9809754,44299,51798,238532,1043,1214,46151,208,244,1122,5,6,1,,,,,,,,,,,,,,,,,,5125206,4946738,178468,429070,246260,2,2,0,1159,70,212559409,25,34,9,5,14103,3,178,8,10,18,,2,76,1,
BRA,South America,Brazil,2021-02-14,9834513,24759,44268,239245,713,1102,46267,116,208,1126,3,5,1,,,,,,,,,,,,,,,,,,5236943,5042713,194230,111737,240466,2,2,0,1131,70,212559409,25,34,9,5,14103,3,178,8,10,18,,2,76,1,
BRA,South America,Brazil,2021-02-15,9866710,32197,48867,239773,528,1177,46419,151,230,1128,2,6,1,,,,,,,,,,,,,,,,,,5293979,5076110,217869,57036,241206,2,2,0,1135,74,212559409,25,34,9,5,14103,3,178,8,10,18,,2,76,1,
BRA,South America,Brazil,2021-02-16,9921981,55271,46059,240940,1167,1060,46679,260,217,1134,5,5,1,,,,,,,,,,,,,,,,,,5609937,5324317,285620,315958,255676,3,2,0,1203,74,212559409,25,34,9,5,14103,3,178,8,10,18,,2,76,1,
BRA,South America,Brazil,2021-02-17,9978747,56766,45654,242090,1150,1034,46946,267,215,1139,5,5,1,,,,,,,,,,,,,,,,,,5883539,5326007,557532,273602,251887,3,3,0,1185,74,212559409,25,34,9,5,14103,3,178,8,10,18,,2,76,1,
BRA,South America,Brazil,2021-02-18,10030626,51879,45245,243457,1367,1037,47190,244,213,1145,6,5,1,,,,,,,,,,,,,,,,,,6206680,5482925,723755,323141,257121,3,3,0,1210,74,212559409,25,34,9,5,14103,3,178,8,10,18,,2,76,1,
BRA,South America,Brazil,2021-02-19,10084208,53582,45536,244737,1280,1035,47442,252,214,1151,6,5,1,,,,,,,,,,,,,,,,,,6535156,5640483,894673,328476,262717,3,3,0,1236,74,212559409,25,34,9,5,14103,3,178,8,10,18,,2,76,1,
BRA,South America,Brazil,2021-02-20,10139148,54940,47056,245977,1240,1064,47700,258,221,1157,6,5,1,,,,,,,,,,,,,,,,,,6813168,5756361,1056807,278012,241137,3,3,0,1134,74,212559409,25,34,9,5,14103,3,178,8,10,18,,2,76,1,
BRA,South America,Brazil,2021-02-21,10168174,29026,47666,246504,527,1037,47837,137,224,1160,2,5,1,,,,,,,,,,,,,,,,,,6950802,5817908,1132894,137634,244837,3,3,1,1152,74,212559409,25,34,9,5,14103,3,178,8,10,18,,2,76,1,
BRA,South America,Brazil,2021-02-22,10195160,26986,46921,247143,639,1053,47964,127,221,1163,3,5,1,,,,,,,,,,,,,,,,,,7028356,5857080,1171276,77554,247768,3,3,1,1166,74,212559409,25,34,9,5,14103,3,178,8,10,18,,2,76,1,
BRA,South America,Brazil,2021-02-23,10257875,62715,47985,248529,1386,1084,48259,295,226,1169,7,5,1,,,,,,,,,,,,,,,,,,7297061,6002873,1294188,268705,241018,3,3,1,1134,74,212559409,25,34,9,5,14103,3,178,8,10,18,,2,76,1,
BRA,South America,Brazil,2021-02-24,10324463,66588,49388,249957,1428,1124,48572,313,232,1176,7,5,1,,,,,,,,,,,,,,,,,,7551676,6116082,1435594,254615,238305,4,3,1,1121,74,212559409,25,34,9,5,14103,3,178,8,10,18,,2,76,1,
BRA,South America,Brazil,2021-02-25,10390461,65998,51405,251498,1541,1149,48883,310,242,1183,7,5,1,,,,,,,,,,,,,,,,,,7799000,6202055,1596945,247324,227474,4,3,1,1070,74,212559409,25,34,9,5,14103,3,178,8,10,18,,2,76,1,
BRA,South America,Brazil,2021-02-26,10455630,65169,53060,252835,1337,1157,49189,307,250,1189,6,5,1,,,,,,,,,,,,,,,,,,8101787,6346769,1755018,302787,223804,4,3,1,1053,76,212559409,25,34,9,5,14103,3,178,8,10,18,,2,76,1,
BRA,South America,Brazil,2021-02-27,10517232,61602,54012,254221,1386,1178,49479,290,254,1196,7,6,1,,,,,,,,,,,,,,,,,,8322042,6437836,1884206,220255,215553,4,3,1,1014,71,212559409,25,34,9,5,14103,3,178,8,10,18,,2,76,1,
BRA,South America,Brazil,2021-02-28,10551259,34027,54726,254942,721,1205,49639,160,257,1199,3,6,1,,,,,,,,,,,,,,,,,,8433568,6518628,1914940,111526,211824,4,3,1,997,71,212559409,25,34,9,5,14103,3,178,8,10,18,,2,76,1,39
BRA,South America,Brazil,2021-03-01,10587001,35742,55977,255720,778,1225,49807,168,263,1203,4,6,1,,,,,,,,,,,,,,,,,,8465403,6542206,1923197,31835,205292,4,3,1,966,67,212559409,25,34,9,5,14103,3,178,8,10,18,,2,76,1,
BRA,South America,Brazil,2021-03-02,10646926,59925,55579,257361,1641,1262,50089,282,261,1211,8,6,1,,,,,,,,,,,,,,,,,,8841027,6806293,2034734,375624,220567,4,3,1,1038,67,212559409,25,34,9,5,14103,3,178,8,10,18,,2,76,1,
BRA,South America,Brazil,2021-03-03,10718630,71704,56310,259271,1910,1331,50427,337,265,1220,9,6,1,,,,,,,,,,,,,,,,,,9277322,7114219,2163103,436295,246521,4,3,1,1160,67,212559409,25,34,9,5,14103,3,178,8,10,18,,2,76,1,
BRA,South America,Brazil,2021-03-04,10793732,75102,57610,260970,1699,1353,50780,353,271,1228,8,6,1,,,,,,,,,,,,,,,,,,9739676,7417852,2321824,462354,277239,5,3,1,1304,67,212559409,25,34,9,5,14103,3,178,8,10,18,,2,76,1,
BRA,South America,Brazil,2021-03-05,10869227,75495,59085,262770,1800,1419,51135,355,278,1236,8,7,1,,,,,,,,,,,,,,,,,,10169160,7701146,2468014,429484,295339,5,4,1,1389,67,212559409,25,34,9,5,14103,3,178,8,10,18,,2,76,1,
BRA,South America,Brazil,2021-03-06,10938836,69609,60229,264325,1555,1443,51462,327,283,1244,7,7,1,,,,,,,,,,,,,,,,,,,,,,269398,,,,1267,67,212559409,25,34,9,5,14103,3,178,8,10,18,,2,76,1,
BRA,South America,Brazil,2021-03-07,11019344,80508,66869,265411,1086,1496,51841,379,315,1249,5,7,1,,,,,,,,,,,,,,,,,,,,,,258989,,,,1218,67,212559409,25,34,9,5,14103,3,178,8,10,18,,2,76,1,
BRA,South America,Brazil,2021-03-08,11051665,32321,66381,266398,987,1525,51993,152,312,1253,5,7,1,,,,,,,,,,,,,,,,,,,,,,259965,,,,1223,67,212559409,25,34,9,5,14103,3,178,8,10,18,,2,76,1,
BRA,South America,Brazil,2021-03-09,11122429,70764,67929,268370,1972,1573,52326,333,320,1263,9,7,1,,,,,,,,,,,,,,,,,,,,,,211828,,,,997,67,212559409,25,34,9,5,14103,3,178,8,10,18,,2,76,1,
BRA,South America,Brazil,2021-03-10,11202305,79876,69096,270656,2286,1626,52702,376,325,1273,11,8,1,,,,,,,,,,,,,,,,,,10362487,7851531,2510956,,155024,5,4,1,729,67,212559409,25,34,9,5,14103,3,178,8,10,18,,2,76,1,
BRA,South America,Brazil,2021-03-11,11277717,75412,69141,272889,2233,1703,53057,355,325,1284,11,8,1,,,,,,,,,,,,,,,,,,10740859,8092244,2648615,378372,143026,5,4,1,673,67,212559409,25,34,9,5,14103,3,178,8,10,18,,2,76,1,
BRA,South America,Brazil,2021-03-12,11363380,85663,70593,275105,2216,1762,53460,403,332,1294,10,8,1,,,,,,,,,,,,,,,,,,11149530,8360366,2789164,408671,140053,5,4,1,659,67,212559409,25,34,9,5,14103,3,178,8,10,18,,2,76,1,
BRA,South America,Brazil,2021-03-13,11439558,76178,71532,277102,1997,1825,53818,358,337,1304,9,9,1,,,,,,,,,,,,,,,,,,11362190,8512960,2849230,212660,164909,5,4,1,776,67,212559409,25,34,9,5,14103,3,178,8,10,18,,2,76,1,
BRA,South America,Brazil,2021-03-14,11483370,43812,66289,278229,1127,1831,54024,206,312,1309,5,9,1,,,,,,,,,,,,,,,,,,11422666,8561847,2860819,60476,168025,5,4,1,790,67,212559409,25,34,9,5,14103,3,178,8,10,18,,2,76,1,
BRA,South America,Brazil,2021-03-15,11519609,36239,66849,279286,1057,1841,54195,170,314,1314,5,9,1,,,,,,,,,,,,,,,,,,11895560,8919356,2976204,472894,230058,6,4,1,1082,67,212559409,25,34,9,5,14103,3,178,8,10,18,,2,76,1,
BRA,South America,Brazil,2021-03-16,11603535,83926,68729,282127,2841,1965,54590,395,323,1327,13,9,1,,,,,,,,,,,,,,,,,,,,,,280729,,,,1321,67,212559409,25,34,9,5,14103,3,178,8,10,18,,2,76,1,
BRA,South America,Brazil,2021-03-17,11693838,90303,70219,284775,2648,2017,55014,425,330,1340,12,9,1,,,,,,,,,,,,,,,,,,12682290,9451188,3231102,,331400,6,4,2,1559,71,212559409,25,34,9,5,14103,3,178,8,10,18,,2,76,1,
BRA,South America,Brazil,2021-03-18,11780820,86982,71872,287499,2724,2087,55424,409,338,1353,13,10,1,,,,,,,,,,,,,,,,,,13013331,9709526,3303805,331041,324639,6,5,2,1527,71,212559409,25,34,9,5,14103,3,178,8,10,18,,2,76,1,
BRA,South America,Brazil,2021-03-19,11871390,90570,72573,290314,2815,2173,55850,426,341,1366,13,10,1,,,,,,,,,,,,,,,,,,13335728,9970231,3365497,322397,312314,6,5,2,1469,71,212559409,25,34,9,5,14103,3,178,8,10,18,,2,76,1,
BRA,South America,Brazil,2021-03-20,11950459,79069,72986,292752,2438,2236,56222,372,343,1377,11,11,1,,,,,,,,,,,,,,,,,,13479165,10099070,3380095,143437,302425,6,5,2,1423,71,212559409,25,34,9,5,14103,3,178,8,10,18,,2,76,1,
BRA,South America,Brazil,2021-03-21,11998233,47774,73552,294042,1290,2259,56446,225,346,1383,6,11,1,,,,,,,,,,,,,,,,,,13562176,10168973,3393203,83011,305644,6,5,2,1438,71,212559409,25,34,9,5,14103,3,178,8,10,18,,2,76,1,
BRA,South America,Brazil,2021-03-22,12047526,49293,75417,295425,1383,2306,56678,232,355,1390,7,11,1,,,,,,,,,,,,,,,,,,14116560,10609471,3507089,554384,317286,7,5,2,1493,71,212559409,25,34,9,5,14103,3,178,8,10,18,,2,76,1,
BRA,South America,Brazil,2021-03-23,12130019,82493,75212,298676,3251,2364,57066,388,354,1405,15,11,1,,,,,,,,,,,,,,,,,,15209201,11559487,3649714,1092641,417182,7,5,2,1963,71,212559409,25,34,9,5,14103,3,178,8,10,18,,2,76,1,
BRA,South America,Brazil,2021-03-24,12220011,89992,75168,300685,2009,2273,57490,423,354,1415,9,11,1,,,,,,,,,,,,,,,,,,15943964,12148769,3795195,734763,465953,8,6,2,2192,71,212559409,25,34,9,5,14103,3,178,8,10,18,,2,76,1,
BRA,South America,Brazil,2021-03-25,12320169,100158,77050,303462,2777,2280,57961,471,362,1428,13,11,1,,,,,,,,,,,,,,,,,,16557071,12639545,3917526,613107,506249,8,6,2,2382,71,212559409,25,34,9,5,14103,3,178,8,10,18,,2,76,1,
BRA,South America,Brazil,2021-03-26,12404414,84245,76146,307112,3650,2400,58357,396,358,1445,17,11,1,,,,,,,,,,,,,,,,,,17032868,13053114,3979754,475797,528163,8,6,2,2485,71,212559409,25,34,9,5,14103,3,178,8,10,18,,2,76,1,
BRA,South America,Brazil,2021-03-27,12490362,85948,77129,310550,3438,2543,58762,404,363,1461,16,12,1,,,,,,,,,,,,,,,,,,17519083,13487207,4031876,486215,577131,8,6,2,2715,71,212559409,25,34,9,5,14103,3,178,8,10,18,,2,76,1,
BRA,South America,Brazil,2021-03-28,12534688,44326,76636,312206,1656,2595,58970,209,361,1469,8,12,1,,,,,,,,,,,,,,,,,,17706983,13659406,4047577,187900,592115,8,6,2,2786,71,212559409,25,34,9,5,14103,3,178,8,10,18,,2,76,1,
BRA,South America,Brazil,2021-03-29,12573615,38927,75156,313866,1660,2634,59153,183,354,1477,8,12,1,,,,,,,,,,,,,,,,,,18082153,13988029,4094124,375170,566513,9,7,2,2665,71,212559409,25,34,9,5,14103,3,178,8,10,18,,2,76,1,
BRA,South America,Brazil,2021-03-30,12658109,84494,75441,317646,3780,2710,59551,398,355,1494,18,13,1,,,,,,,,,,,,,,,,,,18222559,14112509,4110050,140406,430480,9,7,2,2025,71,212559409,25,34,9,5,14103,3,178,8,10,18,,2,76,1,
BRA,South America,Brazil,2021-03-31,12748747,90638,75534,321515,3869,2976,59977,426,355,1513,18,14,1,,,,,,,,,,,,,,,,,,19155981,14921376,4234605,933422,458860,9,7,2,2159,71,212559409,25,34,9,5,14103,3,178,8,10,18,,2,76,1,87
BRA,South America,Brazil,2021-04-01,12839844,91097,74239,325284,3769,3117,60406,429,349,1530,18,15,1,,,,,,,,,,,,,,,,,,,,,,476765,,,,2243,71,212559409,25,34,9,5,14103,3,178,8,10,18,,2,76,1,
BRA,South America,Brazil,2021-04-02,12910082,70238,72238,328206,2922,3013,60736,330,340,1544,14,14,1,,,,,,,,,,,,,,,,,,20632877,16099532,4533345,,514287,10,8,2,2419,71,212559409,25,34,9,5,14103,3,178,8,10,18,,2,76,1,
BRA,South America,Brazil,2021-04-03,12953597,43515,66176,330193,1987,2806,60941,205,311,1553,9,13,1,,,,,,,,,,,,,,,,,,20956770,16377083,4579687,323893,491098,10,8,2,2310,71,212559409,25,34,9,5,14103,3,178,8,10,18,,2,76,1,
BRA,South America,Brazil,2021-04-04,12984956,31359,64324,331433,1240,2747,61089,148,303,1559,6,13,1,,,,,,,,,,,,,,,,,,21070128,16472281,4597847,113358,480449,10,8,2,2260,71,212559409,25,34,9,5,14103,3,178,8,10,18,,2,76,1,
BRA,South America,Brazil,2021-04-05,13013601,28645,62855,332752,1319,2698,61223,135,296,1565,6,13,1,,,,,,,,,,,,,,,,,,21960953,17128933,4832020,890825,554114,10,8,2,2607,71,212559409,25,34,9,5,14103,3,178,8,10,18,,2,76,1,
BRA,South America,Brazil,2021-04-06,13100580,86979,63210,336947,4195,2757,61633,409,297,1585,20,13,1,,,,,,,,,,,,,,,,,,22850791,17791338,5059453,889838,661176,11,8,2,3111,71,212559409,25,34,9,5,14103,3,178,8,10,18,,2,76,1,
BRA,South America,Brazil,2021-04-07,13193205,92625,63494,340776,3829,2752,62068,436,299,1603,18,13,1,,,,,,,,,,,,,,,,,,24197996,18859274,5338722,1347205,720288,11,9,3,3389,71,212559409,25,34,9,5,14103,3,178,8,10,18,,2,76,1,
BRA,South America,Brazil,2021-04-08,13279857,86652,62859,345025,4249,2820,62476,408,296,1623,20,13,1,,,,,,,,,,,,,,,,,,24981199,19386057,5595142,783203,726681,12,9,3,3419,71,212559409,25,34,9,5,14103,3,178,8,10,18,,2,76,1,
BRA,South America,Brazil,2021-04-09,13373174,93317,66156,348718,3693,2930,62915,439,311,1641,17,14,1,,,,,,,,,,,,,,,,,,25735314,19886870,5848444,754115,728920,12,9,3,3429,71,212559409,25,34,9,5,14103,3,178,8,10,18,,2,76,1,
BRA,South America,Brazil,2021-04-10,13445006,71832,70201,351334,2616,3020,63253,338,330,1653,12,14,1,,,,,,,,,,,,,,,,,,26548845,20513828,6035017,813531,798868,12,10,3,3758,71,212559409,25,34,9,5,14103,3,178,8,10,18,,2,76,1,
BRA,South America,Brazil,2021-04-11,13482023,37017,71010,353137,1803,3101,63427,174,334,1661,8,15,1,,,,,,,,,,,,,,,,,,26741261,20654434,6086827,192416,810162,13,10,3,3811,71,212559409,25,34,9,5,14103,3,178,8,10,18,,2,76,1,
BRA,South America,Brazil,2021-04-12,13517808,35785,72030,354617,1480,3124,63595,168,339,1668,7,15,1,,,,,,,,,,,,,,,,,,27432994,21080623,6352371,691733,781720,13,10,3,3678,71,212559409,25,34,9,5,14103,3,178,8,10,18,,2,76,1,
BRA,South America,Brazil,2021-04-13,13599994,82186,71345,358425,3808,3068,63982,387,336,1686,18,14,1,,,,,,,,,,,,,,,,,,30801723,23602070,7199653,3368729,1135847,14,11,3,5344,71,212559409,25,34,9,5,14103,3,178,8,10,18,,2,76,1,
BRA,South America,Brazil,2021-04-14,13673507,73513,68615,361884,3459,3015,64328,346,323,1703,16,14,1,,,,,,,,,,,,,,,,,,31703967,24197321,7506646,902244,1072282,15,11,4,5045,71,212559409,25,34,9,5,14103,3,178,8,10,18,,2,76,1,
BRA,South America,Brazil,2021-04-15,13746681,73174,66689,365444,3560,2917,64672,344,314,1719,17,14,1,,,,,,,,,,,,,,,,,,,,,,1004792,,,,4727,71,212559409,25,34,9,5,14103,3,178,8,10,18,,2,76,1,
BRA,South America,Brazil,2021-04-16,13832455,85774,65612,368749,3305,2862,65076,404,309,1735,16,13,1,,,,,,,,,,,,,,,,,,,,,,941458,,,,4429,71,212559409,25,34,9,5,14103,3,178,8,10,18,,2,76,1,
BRA,South America,Brazil,2021-04-17,13900091,67636,65012,371678,2929,2906,65394,318,306,1749,14,14,1,,,,,,,,,,,,,,,,,,,,,,869635,,,,4091,71,212559409,25,34,9,5,14103,3,178,8,10,18,,2,76,1,
BRA,South America,Brazil,2021-04-18,13943071,42980,65864,373335,1657,2885,65596,202,310,1756,8,14,1,,,,,,,,,,,,,,,,,,32947066,24350046,8597020,,886544,16,11,4,4171,71,212559409,25,34,9,5,14103,3,178,8,10,18,,2,76,1,
BRA,South America,Brazil,2021-04-19,13973695,30624,65127,374682,1347,2866,65740,144,306,1763,6,13,1,,,,,,,,,,,,,,,,,,33755229,24776701,8978528,808163,903176,16,12,4,4249,63,212559409,25,34,9,5,14103,3,178,8,10,18,,2,76,1,
BRA,South America,Brazil,2021-04-20,14043076,69381,63297,378003,3321,2797,66067,326,298,1778,16,13,1,,,,,,,,,,,,,,,,,,33807132,24805515,9001617,51903,429344,16,12,4,2020,61,212559409,25,34,9,5,14103,3,178,8,10,18,,2,76,1,
BRA,South America,Brazil,2021-04-21,14122795,79719,64184,381475,3472,2799,66442,375,302,1795,16,13,1,,,,,,,,,,,,,,,,,,34058640,24918188,9140452,251508,336382,16,12,4,1583,61,212559409,25,34,9,5,14103,3,178,8,10,18,,2,76,1,
BRA,South America,Brazil,2021-04-22,14167973,45178,60185,383502,2027,2580,66654,213,283,1804,10,12,1,,,,,,,,,,,,,,,,,,35024957,25340967,9683990,966317,430031,16,12,5,2023,61,212559409,25,34,9,5,14103,3,178,8,10,18,,2,76,1,
BRA,South America,Brazil,2021-04-23,14237078,69105,57803,386416,2914,2524,66979,325,272,1818,14,12,1,,,,,,,,,,,,,,,,,,37112833,26398005,10714828,2087876,683902,17,12,5,3217,61,212559409,25,34,9,5,14103,3,178,8,10,18,,2,76,1,
BRA,South America,Brazil,2021-04-24,14308215,71137,58303,389492,3076,2545,67314,335,274,1832,14,12,1,,,,,,,,,,,,,,,,,,37730651,26687711,11042940,617818,727766,18,13,5,3424,61,212559409,25,34,9,5,14103,3,178,8,10,18,,2,76,1,
BRA,South America,Brazil,2021-04-25,14340787,32572,56817,390797,1305,2495,67467,153,267,1839,6,12,1,,,,,,,,,,,,,,,,,,38027113,26873143,11153970,296462,725721,18,13,5,3414,61,212559409,25,34,9,5,14103,3,178,8,10,18,,2,76,1,
BRA,South America,Brazil,2021-04-26,14369423,28636,56533,391936,1139,2465,67602,135,266,1844,5,12,1,,,,,,,,,,,,,,,,,,38986878,27345796,11641082,959765,747378,18,13,5,3516,61,212559409,25,34,9,5,14103,3,178,8,10,18,,2,76,1,
BRA,South America,Brazil,2021-04-27,14441563,72140,56927,395022,3086,2431,67941,339,268,1858,15,11,1,,,,,,,,,,,,,,,,,,40168799,27920546,12248253,1181921,908810,19,13,6,4276,61,212559409,25,34,9,5,14103,3,178,8,10,18,,2,76,1,
BRA,South America,Brazil,2021-04-28,14521289,79726,56928,398185,3163,2387,68316,375,268,1873,15,11,1,,,,,,,,,,,,,,,,,,41003659,28312000,12691659,834860,992146,19,13,6,4668,61,212559409,25,34,9,5,14103,3,178,8,10,18,,2,76,1,
BRA,South America,Brazil,2021-04-29,14590678,69389,60386,401186,3001,2526,68643,326,284,1887,14,12,1,,,,,,,,,,,,,,,,,,41989957,28778338,13211619,986298,995000,20,14,6,4681,61,212559409,25,34,9,5,14103,3,178,8,10,18,,2,76,1,
BRA,South America,Brazil,2021-04-30,14659011,68333,60276,403781,2595,2481,68964,321,284,1900,12,12,1,,,,,,,,,,,,,,,,,,42698862,29149512,13549350,708905,798004,20,14,6,3754,61,212559409,25,34,9,5,14103,3,178,8,10,18,,2,76,1,85
BRA,South America,Brazil,2021-05-01,14725975,66964,59680,406437,2656,2421,69279,315,281,1912,12,11,1,,,,,,,,,,,,,,,,,,43036179,29336953,13699226,337317,757933,20,14,6,3566,61,212559409,25,34,9,5,14103,3,178,8,10,18,,2,76,1,
BRA,South America,Brazil,2021-05-02,14754910,28935,59160,407639,1202,2406,69415,136,278,1918,6,11,1,,,,,,,,,,,,,,,,,,43173356,29421191,13752165,137177,735178,20,14,6,3459,61,212559409,25,34,9,5,14103,3,178,8,10,18,,2,76,1,
BRA,South America,Brazil,2021-05-03,14779529,24619,58587,408622,983,2384,69531,116,276,1922,5,11,1,,,,,,,,,,,,,,,,,,43962159,29865013,14097146,788803,710754,21,14,7,3344,57,212559409,25,34,9,5,14103,3,178,8,10,18,,2,76,1,
BRA,South America,Brazil,2021-05-04,14856888,77359,59332,411588,2966,2367,69895,364,279,1936,14,11,1,,,,,,,,,,,,,,,,,,45273825,30658945,14614880,1311666,729289,21,14,7,3431,57,212559409,25,34,9,5,14103,3,178,8,10,18,,2,76,1,
BRA,South America,Brazil,2021-05-05,14930183,73295,58413,414399,2811,2316,70240,345,275,1950,13,11,1,,,,,,,,,,,,,,,,,,46185689,31265483,14920206,911864,740290,22,15,7,3483,57,212559409,25,34,9,5,14103,3,178,8,10,18,,2,76,1,
BRA,South America,Brazil,2021-05-06,15003563,73380,58984,416949,2550,2252,70585,345,277,1962,12,11,1,,,,,,,,,,,,,,,,,,46542392,31504414,15037978,356703,650348,22,15,7,3060,57,212559409,25,34,9,5,14103,3,178,8,10,18,,2,76,1,
BRA,South America,Brazil,2021-05-07,15082449,78886,60491,419114,2165,2190,70956,371,285,1972,10,10,1,,,,,,,,,,,,,,,,,,46875460,31722544,15152916,333068,596657,22,15,7,2807,57,212559409,25,34,9,5,14103,3,178,8,10,18,,2,76,1,
BRA,South America,Brazil,2021-05-08,15145879,63430,59986,421316,2202,2126,71255,298,282,1982,10,10,1,,,,,,,,,,,,,,,,,,,,,,571797,,,,2690,57,212559409,25,34,9,5,14103,3,178,8,10,18,,2,76,1,
BRA,South America,Brazil,2021-05-09,15184790,38911,61411,422340,1024,2100,71438,183,289,1987,5,10,1,,,,,,,,,,,,,,,,,,,,,,575528,,,,2708,57,212559409,25,34,9,5,14103,3,178,8,10,18,,2,76,1,
BRA,South America,Brazil,2021-05-10,15209990,25200,61494,423229,889,2087,71556,119,289,1991,4,10,1,,,,,,,,,,,,,,,,,,47365348,32101075,15264273,,486170,22,15,7,2287,57,212559409,25,34,9,5,14103,3,178,8,10,18,,2,76,1,
BRA,South America,Brazil,2021-05-11,15282705,72715,60831,425540,2311,1993,71899,342,286,2002,11,9,1,,,,,,,,,,,,,,,,,,48193472,32647725,15545747,828124,417092,23,15,7,1962,57,212559409,25,34,9,5,14103,3,178,8,10,18,,2,76,1,
BRA,South America,Brazil,2021-05-12,15359397,76692,61316,428034,2494,1948,72259,361,288,2014,12,9,1,,,,,,,,,,,,,,,,,,49188608,33332789,15855819,995136,428988,23,16,7,2018,57,212559409,25,34,9,5,14103,3,178,8,10,18,,2,76,1,
BRA,South America,Brazil,2021-05-13,15433989,74592,61489,430417,2383,1924,72610,351,289,2025,11,9,1,,,,,,,,,,,,,,,,,,50308106,34092728,16215378,1119498,537959,24,16,8,2531,57,212559409,25,34,9,5,14103,3,178,8,10,18,,2,76,1,
BRA,South America,Brazil,2021-05-14,15519525,85536,62439,432628,2211,1931,73013,402,294,2035,10,9,1,,,,,,,,,,,,,,,,,,52093242,35383566,16709676,1785136,745397,25,17,8,3507,57,212559409,25,34,9,5,14103,3,178,8,10,18,,2,76,1,
BRA,South America,Brazil,2021-05-15,15586534,67009,62951,434715,2087,1914,73328,315,296,2045,10,9,1,,,,,,,,,,,,,,,,,,52641583,35731848,16909735,548341,800404,25,17,8,3766,61,212559409,25,34,9,5,14103,3,178,8,10,18,,2,76,1,
BRA,South America,Brazil,2021-05-16,15627243,40709,63208,435751,1036,1916,73519,192,297,2050,5,9,1,,,,,,,,,,,,,,,,,,52771668,35801333,16970335,130085,795659,25,17,8,3743,61,212559409,25,34,9,5,14103,3,178,8,10,18,,2,76,1,
BRA,South America,Brazil,2021-05-17,15657391,30148,63914,436537,786,1901,73661,142,301,2054,4,9,1,,,,,,,,,,,,,,,,,,53624328,36355939,17268389,852660,894140,25,17,8,4207,61,212559409,25,34,9,5,14103,3,178,8,10,18,,2,76,1,
BRA,South America,Brazil,2021-05-18,15732836,75445,64304,439050,2513,1930,74016,355,303,2066,12,9,1,,,,,,,,,,,,,,,,,,54332240,36844286,17487954,707912,876967,26,17,8,4126,61,212559409,25,34,9,5,14103,3,178,8,10,18,,2,76,1,
BRA,South America,Brazil,2021-05-19,15812055,79219,64665,441691,2641,1951,74389,373,304,2078,12,9,1,,,,,,,,,,,,,,,,,,55098913,37376193,17722720,766673,844329,26,18,8,3972,61,212559409,25,34,9,5,14103,3,178,8,10,18,,2,76,1,
BRA,South America,Brazil,2021-05-20,15894094,82039,65729,444094,2403,1954,74775,386,309,2089,11,9,1,,,,,,,,,,,,,,,,,,55960152,37937840,18022312,861239,807435,26,18,8,3799,61,212559409,25,34,9,5,14103,3,178,8,10,18,,2,76,1,
BRA,South America,Brazil,2021-05-21,15970949,76855,64489,446309,2215,1954,75136,362,303,2100,10,9,1,,,,,,,,,,,,,,,,,,,,,,774713,,,,3645,61,212559409,25,34,9,5,14103,3,178,8,10,18,,2,76,1,
BRA,South America,Brazil,2021-05-22,16047439,76490,65844,448208,1899,1928,75496,360,310,2109,9,9,1,,,,,,,,,,,,,,,,,,,,,,918676,,,,4322,61,212559409,25,34,9,5,14103,3,178,8,10,18,,2,76,1,
BRA,South America,Brazil,2021-05-23,16083258,35819,65145,449068,860,1902,75665,169,306,2113,4,9,1,,,,,,,,,,,,,,,,,,,,,,1122390,,,,5280,61,212559409,25,34,9,5,14103,3,178,8,10,18,,2,76,1,
BRA,South America,Brazil,2021-05-24,16120756,37498,66195,449858,790,1903,75841,176,311,2116,4,9,1,,,,,,,,,,31716527,149,,,,,,tests performed,,,,,1222878,,,,5753,61,212559409,25,34,9,5,14103,3,178,8,10,18,,2,76,1,
BRA,South America,Brazil,2021-05-25,16194209,73453,65910,452031,2173,1854,76187,346,310,2127,10,9,1,,,,,,,,,,,,,,,,,,63740557,42702699,21037858,,1344045,30,20,10,6323,61,212559409,25,34,9,5,14103,3,178,8,10,18,,2,76,1,
BRA,South America,Brazil,2021-05-26,16274695,80486,66091,454429,2398,1820,76565,379,311,2138,11,9,1,,,,,,,,,,,,,,,,,,64568609,43239648,21328961,828052,1352814,30,20,10,6364,61,212559409,25,34,9,5,14103,3,178,8,10,18,,2,76,1,
BRA,South America,Brazil,2021-05-27,16342162,67467,64010,456674,2245,1797,76883,317,301,2148,11,8,1,,,,,,,,,,,,,,,,,,65268576,43727936,21540640,699967,1329775,31,21,10,6256,66,212559409,25,34,9,5,14103,3,178,8,10,18,,2,76,1,
BRA,South America,Brazil,2021-05-28,16391930,49768,60140,459045,2371,1819,77117,234,283,2160,11,9,1,,,,,,,,,,,,,,,,,,66432341,44564785,21867556,1163765,1273730,31,21,10,5992,66,212559409,25,34,9,5,14103,3,178,8,10,18,,2,76,1,
BRA,South America,Brazil,2021-05-29,16471600,79670,60594,461057,2012,1836,77492,375,285,2169,9,9,1,,,,,,,,,,,,,,,,,,66934363,44956732,21977631,502022,1123150,31,21,10,5284,66,212559409,25,34,9,5,14103,3,178,8,10,18,,2,76,1,
BRA,South America,Brazil,2021-05-30,16515120,43520,61695,461931,874,1838,77696,205,290,2173,4,9,1,,,,,,,,,,,,,,,,,,67088046,45079934,22008112,153683,922807,32,21,10,4341,66,212559409,25,34,9,5,14103,3,178,8,10,18,,2,76,1,
BRA,South America,Brazil,2021-05-31,16545554,30434,60685,462791,860,1848,77840,143,285,2177,4,9,1,,,,,,,,,,,,,,,,,,67482730,45376214,22106516,394684,756893,32,21,10,3561,66,212559409,25,34,9,5,14103,3,178,8,10,18,,2,76,1,51
BRA,South America,Brazil,2021-06-01,16624480,78926,61467,465199,2408,1881,78211,371,289,2189,11,9,1,,,,,,,,,,,,,,,,,,68244216,45940210,22304006,761486,643380,32,22,10,3027,66,212559409,25,34,9,5,14103,3,178,8,10,18,,2,76,1,
BRA,South America,Brazil,2021-06-02,16720081,95601,63627,467706,2507,1897,78661,450,299,2200,12,9,1,,,,,,,,,,,,,,,,,,68919860,46498375,22421485,675644,621607,32,22,11,2924,66,212559409,25,34,9,5,14103,3,178,8,10,18,,2,76,1,
BRA,South America,Brazil,2021-06-03,16803472,83391,65901,469388,1682,1816,79053,392,310,2208,8,9,1,,,,,,,,,,,,,,,,,,70330300,47636424,22693876,1410440,723103,33,22,11,3402,66,212559409,25,34,9,5,14103,3,178,8,10,18,,2,76,1,
BRA,South America,Brazil,2021-06-04,16841408,37936,64211,470842,1454,1685,79232,178,302,2215,7,8,1,,,,,,,,,,,,,,,,,,70743531,48007886,22735645,413231,615884,33,23,11,2897,66,212559409,25,34,9,5,14103,3,178,8,10,18,,2,76,1,
BRA,South America,Brazil,2021-06-05,16907425,66017,62261,472531,1689,1639,79542,311,293,2223,8,8,1,,,,,,,,,,,,,,,,,,71429257,48576572,22852685,685726,642128,34,23,11,3021,66,212559409,25,34,9,5,14103,3,178,8,10,18,,2,76,1,
BRA,South America,Brazil,2021-06-06,16947062,39637,61706,473404,873,1639,79729,186,290,2227,4,8,1,,,,,,,,,,,,,,,,,,71691137,48802098,22889039,261880,657584,34,23,11,3094,66,212559409,25,34,9,5,14103,3,178,8,10,18,,2,76,1,
BRA,South America,Brazil,2021-06-07,16984218,37156,62666,474414,1010,1660,79903,175,295,2232,5,8,1,,,,,,,,,,,,,,,,,,,,,,749851,,,,3528,61,212559409,25,34,9,5,14103,3,178,8,10,18,,2,76,1,
BRA,South America,Brazil,2021-06-08,17037129,52911,58950,476792,2378,1656,80152,249,277,2243,11,8,1,,,,,,,,,,,,,,,,,,,,,,789718,,,,3715,61,212559409,25,34,9,5,14103,3,178,8,10,18,,2,76,1,
BRA,South America,Brazil,2021-06-09,17122877,85748,57542,479515,2723,1687,80556,403,271,2256,13,8,1,,,,,,,,,,,,,,,,,,74812794,51465240,23347554,,841848,35,24,11,3961,61,212559409,25,34,9,5,14103,3,178,8,10,18,,2,76,1,
BRA,South America,Brazil,2021-06-10,17210969,88092,58214,482019,2504,1804,80970,414,274,2268,12,8,1,,,,,,,,,,,,,,,,,,75890097,52429219,23460878,1077303,794257,36,25,11,3737,61,212559409,25,34,9,5,14103,3,178,8,10,18,,2,76,1,
BRA,South America,Brazil,2021-06-11,17296118,85149,64959,484235,2216,1913,81371,401,306,2278,10,9,1,,,,,,,,,,,,,,,,,,76758587,53224020,23534567,868490,859294,36,25,11,4043,61,212559409,25,34,9,5,14103,3,178,8,10,18,,2,76,1,
BRA,South America,Brazil,2021-06-12,17374818,78700,66770,486272,2037,1963,81741,370,314,2288,10,9,1,,,,,,,,,,,,,,,,,,,,,,859572,,,,4044,61,212559409,25,34,9,5,14103,3,178,8,10,18,,2,76,1,
BRA,South America,Brazil,2021-06-13,17412766,37948,66529,487401,1129,2000,81920,179,313,2293,5,9,1,,,,,,,,,,,,,,,,,,78133938,54489914,23644024,,920400,37,26,11,4330,61,212559409,25,34,9,5,14103,3,178,8,10,18,,2,76,1,
BRA,South America,Brazil,2021-06-14,17452612,39846,66913,488228,827,1973,82107,187,315,2297,4,9,1,,,,,,,,,,,,,,,,,,78906225,55226467,23679758,772287,882077,37,26,11,4150,61,212559409,25,34,9,5,14103,3,178,8,10,18,,2,76,1,
BRA,South America,Brazil,2021-06-15,17533221,80609,70870,490696,2468,1986,82486,379,333,2309,12,9,1,,,,,,,,,,,,,,,,,,80268207,56479200,23789007,1361982,927995,38,27,11,4366,61,212559409,25,34,9,5,14103,3,178,8,10,18,,2,76,1,
BRA,South America,Brazil,2021-06-16,17628588,95367,72244,493693,2997,2025,82935,449,340,2323,14,10,1,,,,,,,,,,,,,,,,,,81540602,57676179,23864423,1272395,961115,38,27,11,4522,61,212559409,25,34,9,5,14103,3,178,8,10,18,,2,76,1,
BRA,South America,Brazil,2021-06-17,17702630,74042,70237,496004,2311,1998,83283,348,330,2333,11,9,1,,,,,,,,,,,,,,,,,,84102155,60066656,24035499,2561553,1173151,40,28,11,5519,61,212559409,25,34,9,5,14103,3,178,8,10,18,,2,76,1,
BRA,South America,Brazil,2021-06-18,17801462,98832,72192,498499,2495,2038,83748,465,340,2345,12,10,1,,,,,,,,,,,,,,,,,,85390996,61270446,24120550,1288841,1233201,40,29,11,5802,61,212559409,25,34,9,5,14103,3,178,8,10,18,,2,76,1,
BRA,South America,Brazil,2021-06-19,17883750,82288,72705,500800,2301,2075,84135,387,342,2356,11,10,1,,,,,,,,,,,,,,,,,,86475842,62276105,24199737,1084846,1289940,41,29,11,6069,61,212559409,25,34,9,5,14103,3,178,8,10,18,,2,76,1,
BRA,South America,Brazil,2021-06-20,17927928,44178,73595,501825,1025,2061,84343,208,346,2361,5,10,1,,,,,,,,,,,,,,,,,,86960570,62741992,24218578,484728,1260947,41,30,11,5932,61,212559409,25,34,9,5,14103,3,178,8,10,18,,2,76,1,
BRA,South America,Brazil,2021-06-21,17966831,38903,73460,502586,761,2051,84526,183,346,2364,4,10,1,,,,,,,,,,,,,,,,,,88353063,64034871,24318192,1392493,1349548,42,30,11,6349,61,212559409,25,34,9,5,14103,3,178,8,10,18,,2,76,1,
BRA,South America,Brazil,2021-06-22,18054653,87822,74490,504717,2131,2003,84939,413,350,2374,10,9,1,,,,,,,,,,,,,,,,,,90077011,,,1723948,1401258,42,,,6592,,212559409,25,34,9,5,14103,3,178,8,10,18,,2,76,1,
BRA,South America,Brazil,2021-06-23,18169881,115228,77328,507109,2392,1917,85481,542,364,2386,11,9,,,,,,,,,,,,,,,,,,,91593968,67005097,24588871,1516957,1436195,43,32,12,6757,,212559409,25,34,9,5,14103,3,178,8,10,18,,2,76,1,
BRA,South America,Brazil,2021-06-24,18243483,73602,77265,509141,2032,1877,85828,346,363,2395,10,9,,,,,,,,,,,,,,,,,,,92917274,68185022,24732252,1323306,1259303,44,32,12,5924,,212559409,25,34,9,5,14103,3,178,8,10,18,,2,76,1,
BRA,South America,Brazil,2021-06-25,18322760,79277,74471,511142,2001,1806,86201,373,350,2405,9,8,,,,,,,,,,,,,,,,,,,,,,,1260296,,,,5929,,212559409,25,34,9,5,14103,3,178,8,10,18,,2,76,1,
BRA,South America,Brazil,2021-06-26,18386894,64134,71878,512735,1593,1705,86502,302,338,2412,7,8,,,,,,,,,,,,,,,,,,,,,,,1290432,,,,6071,,212559409,25,34,9,5,14103,3,178,8,10,18,,2,76,1,
BRA,South America,Brazil,2021-06-27,18420598,33704,70381,513474,739,1664,86661,159,331,2416,3,8,,,,,,,,,,,,,,,,,,,96804664,71206835,25597829,,1406299,46,34,12,6616,,212559409,25,34,9,5,14103,3,178,8,10,18,,2,76,1,
BRA,South America,Brazil,2021-06-28,18448402,27804,68796,514092,618,1644,86792,131,324,2419,3,8,,,,,,,,,,,,,,,,,,,96913929,71291563,25622366,109265,1222981,46,34,12,5754,,212559409,25,34,9,5,14103,3,178,8,10,18,,2,76,1,
BRA,South America,Brazil,2021-06-29,18513305,64903,65522,515985,1893,1610,87097,305,308,2427,9,8,,,,,,,,,,,,,,,,,,,98827485,72722360,26105125,1913556,1250068,46,34,12,5881,,212559409,25,34,9,5,14103,3,178,8,10,18,,2,76,1,
BRA,South America,Brazil,2021-06-30,18557141,43836,55323,518066,2081,1565,87303,206,260,2437,10,7,,,,,,,,,,,,,,,,,,,101476804,74354809,27121995,2649319,1411834,48,35,13,6642,,212559409,25,34,9,5,14103,3,178,8,10,18,,2,76,1,
