countryterritoryCode,continentExp,countriesAndTerritories,dateRep,total_cases,cases,new_cases_smoothed,total_deaths,deaths,new_deaths_smoothed,total_cases_per_million,new_cases_per_million,new_cases_smoothed_per_million,total_deaths_per_million,new_deaths_per_million,new_deaths_smoothed_per_million,reproduction_rate,icu_patients,icu_patients_per_million,hosp_patients,hosp_patients_per_million,weekly_icu_admissions,weekly_icu_admissions_per_million,weekly_hosp_admissions,weekly_hosp_admissions_per_million,new_tests,total_tests,total_tests_per_thousand,new_tests_per_thousand,new_tests_smoothed,new_tests_smoothed_per_thousand,positive_rate,tests_per_case,tests_units,total_vaccinations,people_vaccinated,people_fully_vaccinated,new_vaccinations,new_vaccinations_smoothed,total_vaccinations_per_hundred,people_vaccinated_per_hundred,people_fully_vaccinated_per_hundred,new_vaccinations_smoothed_per_million,stringency_index,popData2019,population_density,median_age,aged_65_older,aged_70_older,gdp_per_capita,extreme_poverty,cardiovasc_death_rate,diabetes_prevalence,female_smokers,male_smokers,handwashing_facilities,hospital_beds_per_thousand,life_expectancy,human_development_index,excess_mortality
IND,Asia,India,2021-01-01,10286709,20035,16799,148994,256,236,7454,15,12,108,0,0,1,,,,,,,,,1062420,173111694,125,1,972276,1,0,58,samples tested,,,,,,,,,,69,1380004385,450,28,6,3,6427,21,282,10,2,21,60,1,70,1,
IND,Asia,India,2021-01-02,10323965,37256,19445,149435,441,259,7481,27,14,108,0,0,1,,,,,,,,,829964,173941658,126,1,968910,1,0,50,samples tested,,,,,,,,,,69,1380004385,450,28,6,3,6427,21,282,10,2,21,60,1,70,1,
IND,Asia,India,2021-01-03,10340469,16504,18943,149649,214,250,7493,12,14,108,0,0,1,,,,,,,,,958125,174899783,127,1,971018,1,0,51,samples tested,,,,,,,,,,69,1380004385,450,28,6,3,6427,21,282,10,2,21,60,1,70,1,
IND,Asia,India,2021-01-04,10356844,16375,18934,149850,201,242,7505,12,14,109,0,0,1,,,,,,,,,735978,175635761,127,1,973958,1,0,51,samples tested,,,,,,,,,,69,1380004385,450,28,6,3,6427,21,282,10,2,21,60,1,70,1,
IND,Asia,India,2021-01-05,10374932,18088,18583,150114,264,239,7518,13,13,109,0,0,1,,,,,,,,,896236,176531997,128,1,961464,1,0,52,samples tested,,,,,,,,,,69,1380004385,450,28,6,3,6427,21,282,10,2,21,60,1,70,1,
IND,Asia,India,2021-01-06,10395278,20346,18372,150336,222,228,7533,15,13,109,0,0,1,,,,,,,,,931408,177463405,129,1,934482,1,0,51,samples tested,,,,,,,,,,69,1380004385,450,28,6,3,6427,21,282,10,2,21,60,1,70,1,
IND,Asia,India,2021-01-07,10413417,18139,20963,150570,234,262,7546,13,15,109,0,0,1,,,,,,,,,937590,178400995,129,1,907389,1,0,43,samples tested,,,,,,,,,,69,1380004385,450,28,6,3,6427,21,282,10,2,21,60,1,70,1,
IND,Asia,India,2021-01-08,10413417,0,18101,150570,0,225,7546,0,13,109,0,0,1,,,,,,,,,935369,179336364,130,1,889239,1,0,49,samples tested,,,,,,,,,,69,1380004385,450,28,6,3,6427,21,282,10,2,21,60,1,70,1,
IND,Asia,India,2021-01-09,10450284,36867,18046,150999,429,223,7573,27,13,109,0,0,1,,,,,,,,,916951,180253315,131,1,901665,1,0,50,samples tested,,,,,,,,,,69,1380004385,450,28,6,3,6427,21,282,10,2,21,60,1,70,1,
IND,Asia,India,2021-01-10,10466595,16311,18018,151160,161,216,7584,12,13,110,0,0,1,,,,,,,,,843307,181096622,131,1,885263,1,0,49,samples tested,,,,,,,,,,69,1380004385,450,28,6,3,6427,21,282,10,2,21,60,1,70,1,
IND,Asia,India,2021-01-11,10479179,12584,17476,151327,167,211,7594,9,13,110,0,0,1,,,,,,,,,659209,181755831,132,0,874296,1,0,50,samples tested,,,,,,,,,,69,1380004385,450,28,6,3,6427,21,282,10,2,21,60,1,70,1,
IND,Asia,India,2021-01-12,10495147,15968,17174,151529,202,202,7605,12,12,110,0,0,1,,,,,,,,,897056,182652887,132,1,874413,1,0,51,samples tested,,,,,,,,,,69,1380004385,450,28,6,3,6427,21,282,10,2,21,60,1,70,1,
IND,Asia,India,2021-01-13,10512093,16946,16688,151727,198,199,7617,12,12,110,0,0,1,,,,,,,,,836227,183489114,133,1,860816,1,0,52,samples tested,,,,,,,,,,69,1380004385,450,28,6,3,6427,21,282,10,2,21,60,1,70,1,
IND,Asia,India,2021-01-14,10527683,15590,16324,151918,191,193,7629,11,12,110,0,0,1,,,,,,,,,743191,184232305,134,1,833044,1,0,51,samples tested,,,,,,,,,,69,1380004385,450,28,6,3,6427,21,282,10,2,21,60,1,70,1,
IND,Asia,India,2021-01-15,10542841,15158,18489,152093,175,218,7640,11,13,110,0,0,1,,,,,,,,,730096,184962401,134,1,803720,1,0,44,samples tested,0,0,,,,0,0,,,69,1380004385,450,28,6,3,6427,21,282,10,2,21,60,1,70,1,
IND,Asia,India,2021-01-16,10557985,15144,15386,152274,181,182,7651,11,11,110,0,0,1,,,,,,,,,803090,185765491,135,1,787454,1,0,51,samples tested,191181,191181,,191181,191181,0,0,,139,69,1380004385,450,28,6,3,6427,21,282,10,2,21,60,1,70,1,
IND,Asia,India,2021-01-17,10571773,13788,15025,152419,145,180,7661,10,11,110,0,0,1,,,,,,,,,779377,186544868,135,1,778321,1,0,52,samples tested,224301,224301,,33120,112150,0,0,,81,69,1380004385,450,28,6,3,6427,21,282,10,2,21,60,1,70,1,
IND,Asia,India,2021-01-18,10581823,10050,14663,152556,137,176,7668,7,11,111,0,0,1,,,,,,,,,548168,187093036,136,0,762458,1,0,52,samples tested,454049,454049,,229748,151350,0,0,,110,69,1380004385,450,28,6,3,6427,21,282,10,2,21,60,1,70,1,
IND,Asia,India,2021-01-19,10595639,13816,14356,152718,162,170,7678,10,10,111,0,0,1,,,,,,,,,709791,187802827,136,1,735706,1,0,51,samples tested,674835,674835,,220786,168709,0,0,,122,69,1380004385,450,28,6,3,6427,21,282,10,2,21,60,1,70,1,
IND,Asia,India,2021-01-20,10610883,15244,14113,152869,151,163,7689,11,10,111,0,0,1,,,,,,,,,764120,188566947,137,1,725405,1,0,51,samples tested,806484,806484,,131649,161297,0,0,,117,69,1380004385,450,28,6,3,6427,21,282,10,2,21,60,1,70,1,
IND,Asia,India,2021-01-21,10625428,14545,13964,153032,163,159,7700,11,10,111,0,0,1,,,,,,,,,780835,189347782,137,1,730782,1,0,52,samples tested,1043534,1043534,,237050,173922,0,0,,126,69,1380004385,450,28,6,3,6427,21,282,10,2,21,60,1,70,1,
IND,Asia,India,2021-01-22,10639684,14256,13835,153184,152,156,7710,10,10,111,0,0,1,,,,,,,,,800242,190148024,138,1,740803,1,0,54,samples tested,1390592,1390592,,347058,198656,0,0,,144,69,1380004385,450,28,6,3,6427,21,282,10,2,21,60,1,70,1,
IND,Asia,India,2021-01-23,10654533,14849,13793,153339,155,152,7721,11,10,111,0,0,1,,,,,,,,,837095,190985119,138,1,745661,1,0,54,samples tested,1582201,1582201,,191609,198717,0,0,,144,69,1380004385,450,28,6,3,6427,21,282,10,2,21,60,1,70,1,
IND,Asia,India,2021-01-24,10667736,13203,13709,153470,131,150,7730,10,10,111,0,0,1,,,,,,,,,781752,191766871,139,1,746000,1,0,54,samples tested,1615504,1615504,,33303,198743,0,0,,144,69,1380004385,450,28,6,3,6427,21,282,10,2,21,60,1,70,1,
IND,Asia,India,2021-01-25,10676838,9102,13574,153587,117,147,7737,7,10,111,0,0,1,,,,,,,,,570246,192337117,139,0,749154,1,0,55,samples tested,2023809,2023809,,408305,224251,0,0,,163,69,1380004385,450,28,6,3,6427,21,282,10,2,21,60,1,70,1,
IND,Asia,India,2021-01-26,10689527,12689,13413,153724,137,144,7746,9,10,111,0,0,1,,,,,,,,,725577,193062694,140,1,751410,1,0,56,samples tested,2029480,2029480,,5671,193521,0,0,,140,67,1380004385,450,28,6,3,6427,21,282,10,2,21,60,1,70,1,
IND,Asia,India,2021-01-27,10701193,11666,12901,153847,123,140,7754,8,9,111,0,0,1,,,,,,,,,550426,193613120,140,0,720882,1,0,56,samples tested,2355979,2355979,,326499,221356,0,0,,160,62,1380004385,450,28,6,3,6427,21,282,10,2,21,60,1,70,1,
IND,Asia,India,2021-01-28,10720048,18855,13517,154010,163,140,7768,14,10,112,0,0,1,,,,,,,,,725653,194338773,141,1,712999,1,0,53,samples tested,2928053,2928053,,572074,269217,0,0,,195,62,1380004385,450,28,6,3,6427,21,282,10,2,21,60,1,70,1,
IND,Asia,India,2021-01-29,10733130,13082,13349,154147,137,138,7778,9,10,112,0,0,1,,,,,,,,,742306,195081079,141,1,704722,1,0,53,samples tested,3500027,3500027,,571974,301348,0,0,,218,62,1380004385,450,28,6,3,6427,21,282,10,2,21,60,1,70,1,
IND,Asia,India,2021-01-30,10746174,13044,13092,154274,127,134,7787,9,9,112,0,0,1,,,,,,,,,756329,195837408,142,1,693184,1,0,53,samples tested,3744334,3744334,,244307,308876,0,0,,224,62,1380004385,450,28,6,3,6427,21,282,10,2,21,60,1,70,1,
IND,Asia,India,2021-01-31,10757610,11436,12839,154392,118,132,7795,8,9,112,0,0,1,,,,,,,,,750964,196588372,142,1,688786,0,0,54,samples tested,3758843,3758843,,14509,306191,0,0,,222,62,1380004385,450,28,6,3,6427,21,282,10,2,21,60,1,70,1,
IND,Asia,India,2021-02-01,10766245,8635,12772,154486,94,128,7802,6,9,112,0,0,1,,,,,,,,,504263,197092635,143,0,679360,0,0,53,samples tested,3950156,3950156,,191313,275192,0,0,,199,62,1380004385,450,28,6,3,6427,21,282,10,2,21,60,1,70,1,
IND,Asia,India,2021-02-02,10777284,11039,12537,154596,110,125,7810,8,9,112,0,0,1,,,,,,,,,659422,197752057,143,0,669909,0,0,53,samples tested,4138918,4138918,,188762,301348,0,0,,218,62,1380004385,450,28,6,3,6427,21,282,10,2,21,60,1,70,1,
IND,Asia,India,2021-02-03,10790183,12899,12713,154703,107,122,7819,9,9,112,0,0,1,,,,,,,,,721121,198473178,144,1,694294,1,0,55,samples tested,4449552,4449552,,310634,299082,0,0,,217,62,1380004385,450,28,6,3,6427,21,282,10,2,21,60,1,70,1,
IND,Asia,India,2021-02-04,10802591,12408,11792,154823,120,116,7828,9,9,112,0,0,1,,,,,,,,,742841,199216019,144,1,696749,1,0,59,samples tested,4959445,4959445,,509893,290199,0,0,,210,62,1380004385,450,28,6,3,6427,21,282,10,2,21,60,1,70,1,
IND,Asia,India,2021-02-05,10814304,11713,11596,154918,95,110,7836,8,8,112,0,0,1,,,,,,,,,715776,199931795,145,1,692959,1,0,60,samples tested,5416849,5416849,,457404,273832,0,0,,198,62,1380004385,450,28,6,3,6427,21,282,10,2,21,60,1,70,1,
IND,Asia,India,2021-02-06,10826363,12059,11456,154996,78,103,7845,9,8,112,0,0,1,,,,,,,,,740794,200672589,145,1,690740,1,0,60,samples tested,5775322,5775322,,358473,290141,0,0,,210,62,1380004385,450,28,6,3,6427,21,282,10,2,21,60,1,70,1,
IND,Asia,India,2021-02-07,10838194,11831,11512,155080,84,98,7854,9,8,112,0,0,1,,,,,,,,,695789,201368378,146,1,682858,0,0,59,samples tested,5812362,5812362,,37040,293360,0,0,,213,62,1380004385,450,28,6,3,6427,21,282,10,2,21,60,1,70,1,
IND,Asia,India,2021-02-08,10847304,9110,11580,155158,78,96,7860,7,8,112,0,0,1,,,,,,,,,532236,201900614,146,0,686854,0,0,59,samples tested,6259008,6259008,,446646,329836,0,0,,239,62,1380004385,450,28,6,3,6427,21,282,10,2,21,60,1,70,1,
IND,Asia,India,2021-02-09,10858371,11067,11584,155252,94,94,7868,8,8,113,0,0,1,,,,,,,,,687138,202587752,147,0,690814,1,0,60,samples tested,6611561,6611561,,352553,353235,0,0,,256,62,1380004385,450,28,6,3,6427,21,282,10,2,21,60,1,70,1,
IND,Asia,India,2021-02-10,10871294,12923,11587,155360,108,94,7878,9,8,113,0,0,1,,,,,,,,,736903,203324655,147,1,693068,1,0,60,samples tested,7017114,7017114,,405553,366795,1,1,,266,62,1380004385,450,28,6,3,6427,21,282,10,2,21,60,1,70,1,
IND,Asia,India,2021-02-11,10880603,9309,11145,155447,87,89,7884,7,8,113,0,0,1,,,,,,,,,699185,204023840,148,1,686832,0,0,62,samples tested,7505010,7505010,,487896,363652,1,1,,264,62,1380004385,450,28,6,3,6427,21,282,10,2,21,60,1,70,1,
IND,Asia,India,2021-02-12,10892746,12143,11206,155550,103,90,7893,9,8,113,0,0,1,,,,,,,,,765944,204789784,148,1,693998,1,0,62,samples tested,7967647,7967647,,462637,364400,1,1,,264,62,1380004385,450,28,6,3,6427,21,282,10,2,21,60,1,70,1,
IND,Asia,India,2021-02-13,10904940,12194,11225,155642,92,92,7902,9,8,113,0,0,1,,,,,,,,,743614,205533398,149,1,694401,1,0,62,samples tested,8052454,8044786,7668,84807,325305,1,1,0,236,62,1380004385,450,28,6,3,6427,21,282,10,2,21,60,1,70,1,
IND,Asia,India,2021-02-14,10916589,11649,11199,155732,90,93,7911,8,8,113,0,0,1,,,,,,,,,697114,206230512,149,1,694591,1,0,62,samples tested,,,,,353179,,,,256,62,1380004385,450,28,6,3,6427,21,282,10,2,21,60,1,70,1,
IND,Asia,India,2021-02-15,10925710,9121,11201,155813,81,94,7917,7,8,113,0,0,1,,,,,,,,,486122,206716634,150,0,688003,0,0,61,samples tested,8516771,8418653,98118,,322538,1,1,0,234,62,1380004385,450,28,6,3,6427,21,282,10,2,21,60,1,70,1,
IND,Asia,India,2021-02-16,10937320,11610,11278,155913,100,94,7926,8,8,113,0,0,1,,,,,,,,,615664,207332298,150,0,677792,0,0,60,samples tested,8857341,8641002,216339,340570,320826,1,1,0,232,62,1380004385,450,28,6,3,6427,21,282,10,2,21,60,1,70,1,
IND,Asia,India,2021-02-17,10950201,12881,11272,156014,101,93,7935,9,8,113,0,0,1,,,,,,,,,644931,207977229,151,0,664653,0,0,59,samples tested,9186757,8844641,342116,329416,309949,1,1,0,225,62,1380004385,450,28,6,3,6427,21,282,10,2,21,60,1,70,1,
IND,Asia,India,2021-02-18,10963394,13193,11827,156111,97,95,7944,10,9,113,0,0,1,,,,,,,,,726562,208703791,151,1,668564,0,0,56,samples tested,9846523,9381591,464932,659766,334502,1,1,0,242,62,1380004385,450,28,6,3,6427,21,282,10,2,21,60,1,70,1,
IND,Asia,India,2021-02-19,10977387,13993,12092,156212,101,95,7955,10,9,113,0,0,1,,,,,,,,,771071,209474862,152,1,669297,0,0,55,samples tested,10449942,9693000,756942,603419,354614,1,1,0,257,62,1380004385,450,28,6,3,6427,21,282,10,2,21,60,1,70,1,
IND,Asia,India,2021-02-20,10991651,14264,12387,156302,90,94,7965,10,9,113,0,0,1,,,,,,,,,786618,210261480,152,1,675440,0,0,54,samples tested,10838323,9964383,873940,388381,397981,1,1,0,288,62,1380004385,450,28,6,3,6427,21,282,10,2,21,60,1,70,1,
IND,Asia,India,2021-02-21,11005850,14199,12752,156385,83,93,7975,10,9,113,0,0,1,,,,,,,,,670050,210931530,153,0,671574,0,0,53,samples tested,11085173,10124531,960642,246850,400080,1,1,0,290,62,1380004385,450,28,6,3,6427,21,282,10,2,21,60,1,70,1,
IND,Asia,India,2021-02-22,11016434,10584,12961,156463,78,93,7983,8,9,113,0,0,1,,,,,,,,,620216,211551746,153,0,690730,1,0,53,samples tested,11424094,10308552,1115542,338921,415332,1,1,0,301,62,1380004385,450,28,6,3,6427,21,282,10,2,21,60,1,70,1,
IND,Asia,India,2021-02-23,11030176,13742,13265,156567,104,93,7993,10,10,113,0,0,1,,,,,,,,,678685,212230431,154,0,699733,1,0,53,samples tested,11907392,10585757,1321635,483298,435722,1,1,0,316,62,1380004385,450,28,6,3,6427,21,282,10,2,21,60,1,70,1,
IND,Asia,India,2021-02-24,11046914,16738,13816,156705,138,99,8005,12,10,114,0,0,1,,,,,,,,,805844,213036275,154,1,722721,1,0,52,samples tested,12366633,10884879,1481754,459241,454268,1,1,0,329,63,1380004385,450,28,6,3,6427,21,282,10,2,21,60,1,70,1,
IND,Asia,India,2021-02-25,11063491,16577,14300,156825,120,102,8017,12,10,114,0,0,1,,,,,,,,,793383,213829658,155,1,732267,1,0,51,samples tested,13067047,11206188,1860859,700414,460075,1,1,0,333,63,1380004385,450,28,6,3,6427,21,282,10,2,21,60,1,70,1,
IND,Asia,India,2021-02-26,11079979,16488,14656,156938,113,104,8029,12,11,114,0,0,1,,,,,,,,,831807,214661465,156,1,740943,1,0,51,samples tested,13756940,11552857,2204083,689893,472428,1,1,0,342,63,1380004385,450,28,6,3,6427,21,282,10,2,21,60,1,70,1,
IND,Asia,India,2021-02-27,11096731,16752,15011,157051,113,107,8041,12,11,114,0,0,1,,,,,,,,,773918,215435383,156,1,739129,1,0,49,samples tested,14242547,11788669,2453878,485607,486318,1,1,0,352,63,1380004385,450,28,6,3,6427,21,282,10,2,21,60,1,70,1,
IND,Asia,India,2021-02-28,11112241,15510,15199,157157,106,110,8052,11,11,114,0,0,1,,,,,,,,,795723,216231106,157,1,757082,1,0,50,samples tested,14301266,11845075,2456191,58719,459442,1,1,0,333,63,1380004385,450,28,6,3,6427,21,282,10,2,21,60,1,70,1,
IND,Asia,India,2021-03-01,11124527,12286,15442,157248,91,112,8061,9,11,114,0,0,1,,,,,,,,,627668,216858774,157,0,758147,1,0,49,samples tested,14854136,12256337,2597799,552870,490006,1,1,0,355,63,1380004385,450,28,6,3,6427,21,282,10,2,21,60,1,70,1,
IND,Asia,India,2021-03-02,11139516,14989,15620,157346,98,111,8072,11,11,114,0,0,1,,,,,,,,,759283,217618057,158,1,769661,1,0,49,samples tested,15620749,12906771,2713978,766613,530480,1,1,0,384,63,1380004385,450,28,6,3,6427,21,282,10,2,21,60,1,70,1,
IND,Asia,India,2021-03-03,11156923,17407,15716,157435,89,104,8085,13,11,114,0,0,1,,,,,,,,,785220,218403277,158,1,766715,1,0,49,samples tested,16616048,13739121,2876927,995299,607059,1,1,0,440,63,1380004385,450,28,6,3,6427,21,282,10,2,21,60,1,70,1,
IND,Asia,India,2021-03-04,11173761,16838,15753,157548,113,103,8097,12,11,114,0,0,1,,,,,,,,,775631,219178908,159,1,764179,1,0,48,samples tested,18005503,14796835,3208668,1389455,705494,1,1,0,511,63,1380004385,450,28,6,3,6427,21,282,10,2,21,60,1,70,1,
IND,Asia,India,2021-03-05,11192045,18284,16009,157656,108,103,8110,13,12,114,0,0,1,,,,,,,,,761834,219940742,159,1,754182,1,0,47,samples tested,19497704,15996683,3501021,1492201,820109,1,1,0,594,63,1380004385,450,28,6,3,6427,21,282,10,2,21,60,1,70,1,
IND,Asia,India,2021-03-06,11210799,18754,16295,157756,100,101,8124,14,12,114,0,0,1,,,,,,,,,751935,220692677,160,1,751042,1,0,46,samples tested,20922344,17168303,3754041,1424640,954257,2,1,0,691,63,1380004385,450,28,6,3,6427,21,282,10,2,21,60,1,70,1,
IND,Asia,India,2021-03-07,11229398,18599,16737,157853,97,99,8137,13,12,114,0,0,1,,,,,,,,,737830,221430507,160,1,742772,1,0,44,samples tested,20989010,17227903,3761107,66666,955392,2,1,0,692,63,1380004385,450,28,6,3,6427,21,282,10,2,21,60,1,70,1,
IND,Asia,India,2021-03-08,11244786,15388,17180,157930,77,97,8148,11,12,114,0,0,1,,,,,,,,,,,,,744982,1,0,43,samples tested,23008733,18943283,4065450,2019723,1164942,2,1,0,844,63,1380004385,450,28,6,3,6427,21,282,10,2,21,60,1,70,1,
IND,Asia,India,2021-03-09,11262707,17921,17599,158063,133,102,8161,13,13,115,0,0,1,,,,,,,,,,222716796,161,,728391,1,0,41,samples tested,24367906,20004227,4363679,1359173,1249594,2,1,0,906,58,1380004385,450,28,6,3,6427,21,282,10,2,21,60,1,70,1,
IND,Asia,India,2021-03-10,11285561,22854,18377,158189,126,108,8178,17,13,115,0,0,1,,,,,,,,,763081,223479877,162,1,725229,1,0,40,samples tested,25685011,21034481,4650530,1317105,1295566,2,2,0,939,58,1380004385,450,28,6,3,6427,21,282,10,2,21,60,1,70,1,
IND,Asia,India,2021-03-11,11308846,23285,19298,158306,117,108,8195,17,14,115,0,0,1,,,,,,,,,778416,224258293,163,1,725626,1,0,38,samples tested,26164920,21435841,4729079,479909,1165631,2,2,0,845,58,1380004385,450,28,6,3,6427,21,282,10,2,21,60,1,70,1,
IND,Asia,India,2021-03-12,11333728,24882,20240,158446,140,113,8213,18,15,115,0,0,1,,,,,,,,,740345,224998638,163,1,722557,1,0,36,samples tested,28218457,23075504,5142953,2053537,1245822,2,2,0,903,58,1380004385,450,28,6,3,6427,21,282,10,2,21,60,1,70,1,
IND,Asia,India,2021-03-13,11359048,25320,21178,158607,161,122,8231,18,15,115,0,0,1,,,,,,,,,840635,225839273,164,1,735228,1,0,35,samples tested,29738409,24307635,5430774,1519952,1259438,2,2,0,913,58,1380004385,450,28,6,3,6427,21,282,10,2,21,60,1,70,1,
IND,Asia,India,2021-03-14,11385339,26291,22277,158725,118,125,8250,19,16,115,0,0,1,,,,,,,,,864368,226703641,164,1,753305,1,0,34,samples tested,29908038,24452385,5455653,169629,1274147,2,2,0,923,58,1380004385,450,28,6,3,6427,21,282,10,2,21,60,1,70,1,
IND,Asia,India,2021-03-15,11409831,24492,23578,158856,131,132,8268,18,17,115,0,0,1,,,,,,,,,703772,227407413,165,1,761966,1,0,32,samples tested,32947432,27079484,5867948,3039394,1419814,2,2,0,1029,58,1380004385,450,28,6,3,6427,21,282,10,2,21,60,1,70,1,
IND,Asia,India,2021-03-16,11438734,28903,25147,159044,188,140,8289,21,18,115,0,0,1,,,,,,,,,873350,228280763,165,1,794852,1,0,32,samples tested,35064536,28862037,6202499,2117104,1528090,3,2,0,1107,58,1380004385,450,28,6,3,6427,21,282,10,2,21,60,1,70,1,
IND,Asia,India,2021-03-17,11474605,35871,27006,159216,172,147,8315,26,20,115,0,0,1,,,,,,,,,969021,229249784,166,1,824272,1,0,30,samples tested,37143255,30600787,6542468,2078719,1636892,3,2,0,1186,58,1380004385,450,28,6,3,6427,21,282,10,2,21,60,1,70,1,
IND,Asia,India,2021-03-18,11514331,39726,29355,159370,154,152,8344,29,21,115,0,0,1,,,,,,,,,1063379,230313163,167,1,864981,1,0,30,samples tested,39339817,32426230,6913587,2196562,1882128,3,2,0,1364,58,1380004385,450,28,6,3,6427,21,282,10,2,21,60,1,70,1,
IND,Asia,India,2021-03-19,11555284,40953,31651,159558,188,159,8373,30,23,116,0,0,1,,,,,,,,,1057383,231370546,168,1,910273,1,0,29,samples tested,42063392,34842030,7221362,2723575,1977848,3,3,1,1433,58,1380004385,450,28,6,3,6427,21,282,10,2,21,60,1,70,1,
IND,Asia,India,2021-03-20,11599130,43846,34297,159755,197,164,8405,32,25,116,0,0,1,,,,,,,,,1060971,232431517,168,1,941749,1,0,28,samples tested,44603841,37125187,7478654,2540449,2123633,3,3,1,1539,58,1380004385,450,28,6,3,6427,21,282,10,2,21,60,1,70,1,
IND,Asia,India,2021-03-21,11646081,46951,37249,159967,212,177,8439,34,27,116,0,0,1,,,,,,,,,,,,,962144,1,0,26,samples tested,45065998,37574302,7491696,462157,2165423,3,3,1,1569,58,1380004385,450,28,6,3,6427,21,282,10,2,21,60,1,70,1,
IND,Asia,India,2021-03-22,11686796,40715,39566,160166,199,187,8469,30,29,116,0,0,1,,,,,,,,,,234445774,170,,1005480,1,0,25,samples tested,48494594,40631153,7863441,3428596,2221023,4,3,1,1609,58,1380004385,450,28,6,3,6427,21,282,10,2,21,60,1,70,1,
IND,Asia,India,2021-03-23,11734058,47262,42189,160441,275,200,8503,34,31,116,0,0,1,,,,,,,,,967459,235413233,171,1,1018924,1,0,24,samples tested,50841286,42731952,8109334,2346692,2253821,4,3,1,1633,58,1380004385,450,28,6,3,6427,21,282,10,2,21,60,1,70,1,
IND,Asia,India,2021-03-24,11787534,53476,44704,160692,251,211,8542,39,32,116,0,0,1,,,,,,,,,1025628,236438861,171,1,1027011,1,0,23,samples tested,53145709,44846538,8299171,2304423,2286065,4,3,1,1657,58,1380004385,450,28,6,3,6427,21,282,10,2,21,60,1,70,1,
IND,Asia,India,2021-03-25,11846652,59118,47474,160949,257,226,8585,43,34,117,0,0,1,,,,,,,,,1065021,237503882,172,1,1027246,1,0,22,samples tested,55504440,47001472,8502968,2358731,2309232,4,3,1,1673,58,1380004385,450,28,6,3,6427,21,282,10,2,21,60,1,70,1,
IND,Asia,India,2021-03-26,11908910,62258,50518,161240,291,240,8630,45,37,117,0,0,1,,,,,,,,,1100756,238604638,173,1,1033442,1,0,20,samples tested,58109773,49426618,8683155,2605333,2292340,4,4,1,1661,58,1380004385,450,28,6,3,6427,21,282,10,2,21,60,1,70,1,
IND,Asia,India,2021-03-27,11971624,62714,53213,161552,312,257,8675,45,39,117,0,0,1,,,,,,,,,1164915,239769553,174,1,1048291,1,0,20,samples tested,60269782,51441436,8828346,2160009,2237992,4,4,1,1622,58,1380004385,450,28,6,3,6427,21,282,10,2,21,60,1,70,1,
IND,Asia,India,2021-03-28,12039644,68020,56223,161843,291,268,8724,49,41,117,0,0,1,,,,,,,,,1181289,240950842,175,1,1073171,1,0,19,samples tested,60530435,51660234,8870201,260653,2209205,4,4,1,1601,58,1380004385,450,28,6,3,6427,21,282,10,2,21,60,1,70,1,
IND,Asia,India,2021-03-29,12095855,56211,58437,162114,271,278,8765,41,42,117,0,0,1,,,,,,,,,913319,241864161,175,1,1059770,1,0,18,samples tested,61113354,52211398,8901956,582919,1802680,4,4,1,1306,58,1380004385,450,28,6,3,6427,21,282,10,2,21,60,1,70,1,
IND,Asia,India,2021-03-30,12149335,53480,59325,162468,354,290,8804,39,43,118,0,0,1,,,,,,,,,785864,242650025,176,1,1033827,1,0,17,samples tested,63054353,53989035,9065318,1940999,1744724,5,4,1,1264,58,1380004385,450,28,6,3,6427,21,282,10,2,21,60,1,70,1,
IND,Asia,India,2021-03-31,12221665,72330,62019,162927,459,319,8856,52,45,118,0,0,1,,,,,,,,,1022915,243672940,177,1,1033440,1,0,17,samples tested,65117896,55783201,9334695,2063543,1710312,5,4,1,1239,58,1380004385,450,28,6,3,6427,21,282,10,2,21,60,1,70,1,
IND,Asia,India,2021-04-01,12303131,81466,65211,163396,469,350,8915,59,47,118,0,0,1,,,,,,,,,1125681,244798621,177,1,1042106,1,0,16,samples tested,68789138,59148798,9640340,3671242,1897814,5,4,1,1375,58,1380004385,450,28,6,3,6427,21,282,10,2,21,60,1,70,1,
IND,Asia,India,2021-04-02,12392260,89129,69050,164110,714,410,8980,65,50,119,1,0,1,,,,,,,,,1113966,245912587,178,1,1043993,1,0,15,samples tested,73054295,63081589,9972706,4265157,2134932,5,5,1,1547,58,1380004385,450,28,6,3,6427,21,282,10,2,21,60,1,70,1,
IND,Asia,India,2021-04-03,12485509,93249,73412,164623,513,439,9047,68,53,119,0,0,1,,,,,,,,,1046605,246959192,179,1,1027091,1,0,14,samples tested,75979651,65739470,10240181,2925356,2244267,6,5,1,1626,75,1380004385,450,28,6,3,6427,21,282,10,2,21,60,1,70,1,
IND,Asia,India,2021-04-04,12589067,103558,78489,165101,478,465,9122,75,57,120,0,0,1,,,,,,,,,1166716,248125908,180,1,1025009,1,0,13,samples tested,79105163,68678838,10426325,3125512,2653533,6,5,1,1923,75,1380004385,450,28,6,3,6427,21,282,10,2,21,60,1,70,1,
IND,Asia,India,2021-04-05,12686049,96982,84313,165547,446,490,9193,70,61,120,0,0,1,,,,,,,,,893749,249019657,180,1,1022214,1,0,12,samples tested,83110926,72277309,10833617,4005763,3142510,6,5,1,2277,70,1380004385,450,28,6,3,6427,21,282,10,2,21,60,1,70,1,
IND,Asia,India,2021-04-06,12801785,115736,93207,166177,630,530,9277,84,68,120,0,0,1,,,,,,,,,1211612,250231269,181,1,1083035,1,0,12,samples tested,87077474,75937015,11140459,3966548,3431874,6,6,1,2487,70,1380004385,450,28,6,3,6427,21,282,10,2,21,60,1,70,1,
IND,Asia,India,2021-04-07,12928574,126789,100987,166862,685,562,9369,92,73,121,0,0,1,,,,,,,,,1208329,251439598,182,1,1109523,1,0,11,samples tested,90198673,78763027,11435646,3121199,3582968,7,6,1,2596,70,1380004385,450,28,6,3,6427,21,282,10,2,21,60,1,70,1,
IND,Asia,India,2021-04-08,13060542,131968,108202,167642,780,607,9464,96,78,121,1,0,1,,,,,,,,,1237781,252677379,183,1,1125537,1,0,10,samples tested,94334262,82456522,11877740,4135589,3649303,7,6,1,2644,70,1380004385,450,28,6,3,6427,21,282,10,2,21,60,1,70,1,
IND,Asia,India,2021-04-09,13205926,145384,116238,168436,794,618,9569,105,84,122,1,0,1,,,,,,,,,1364205,254041584,184,1,1161285,1,0,10,samples tested,98075160,85763852,12311308,3740898,3574409,7,6,1,2590,70,1380004385,450,28,6,3,6427,21,282,10,2,21,60,1,70,1,
IND,Asia,India,2021-04-10,13358805,152879,124757,169275,839,665,9680,111,90,123,1,0,1,,,,,,,,,1173219,255214803,185,1,1179373,1,0,10,samples tested,101595147,88885961,12709186,3519987,3659357,7,6,1,2652,70,1380004385,450,28,6,3,6427,21,282,10,2,21,60,1,70,1,
IND,Asia,India,2021-04-11,13527717,168912,134093,170179,904,725,9803,122,97,123,1,1,1,,,,,,,,,1412047,256626850,186,1,1214420,1,0,9,samples tested,104528565,91587400,12941165,2933418,3631915,8,7,1,2632,70,1380004385,450,28,6,3,6427,21,282,10,2,21,60,1,70,1,
IND,Asia,India,2021-04-12,13689453,161736,143343,171058,879,787,9920,117,104,124,1,1,1,,,,,,,,,1180136,257806986,187,1,1255333,1,0,9,samples tested,108533085,95043039,13490046,4004520,3631737,8,7,1,2632,70,1380004385,450,28,6,3,6427,21,282,10,2,21,60,1,70,1,
IND,Asia,India,2021-04-13,13873825,184372,153149,172085,1027,844,10053,134,111,125,1,1,1,,,,,,,,,1400122,259207108,188,1,1282263,1,0,8,samples tested,111179578,97301914,13877664,2646493,3443158,8,7,1,2495,70,1380004385,450,28,6,3,6427,21,282,10,2,21,60,1,70,1,
IND,Asia,India,2021-04-14,14074564,200739,163713,173123,1038,894,10199,145,119,125,1,1,1,,,,,,,,,1411758,260618866,189,1,1311324,1,0,8,samples tested,114493238,100179199,14314039,3313660,3470652,8,7,1,2515,70,1380004385,450,28,6,3,6427,21,282,10,2,21,60,1,70,1,
IND,Asia,India,2021-04-15,14291917,217353,175911,174308,1185,952,10356,158,127,126,1,1,1,,,,,,,,,1384549,262003415,190,1,1332291,1,0,8,samples tested,117223509,102349255,14874254,2730271,3269892,8,7,1,2369,70,1380004385,450,28,6,3,6427,21,282,10,2,21,60,1,70,1,
IND,Asia,India,2021-04-16,14526609,234692,188669,175649,1341,1030,10526,170,137,127,1,1,1,,,,,,,,,1473210,263476625,191,1,1347863,1,0,7,samples tested,119937641,104408484,15529157,2714132,3123212,9,8,1,2263,70,1380004385,450,28,6,3,6427,21,282,10,2,21,60,1,70,1,
IND,Asia,India,2021-04-17,14788003,261394,204171,177150,1501,1125,10716,189,148,128,1,1,1,,,,,,,,,1495397,264972022,192,1,1393888,1,0,7,samples tested,122622590,106431076,16191514,2684949,3003920,9,8,1,2177,70,1380004385,450,28,6,3,6427,21,282,10,2,21,60,1,70,1,
IND,Asia,India,2021-04-18,15061805,273802,219155,178769,1619,1227,10914,198,159,130,1,1,1,,,,,,,,,1566394,266538416,193,1,1415938,1,0,6,samples tested,123852566,107371770,16480796,1229976,2760572,9,8,1,2000,70,1380004385,450,28,6,3,6427,21,282,10,2,21,60,1,70,1,
IND,Asia,India,2021-04-19,15320972,259167,233074,180530,1761,1353,11102,188,169,131,1,1,1,,,,,,,,,1356133,267894549,194,1,1441080,1,0,6,samples tested,127129113,109659181,17469932,3276547,2656575,9,8,1,1925,74,1380004385,450,28,6,3,6427,21,282,10,2,21,60,1,70,1,
IND,Asia,India,2021-04-20,15616130,295158,248901,182553,2023,1495,11316,214,180,132,1,1,1,,,,,,,,,1519486,269414035,195,1,1458132,1,0,6,samples tested,,,,,2458290,,,,1781,74,1380004385,450,28,6,3,6427,21,282,10,2,21,60,1,70,1,
IND,Asia,India,2021-04-21,15930774,314644,265173,184657,2104,1648,11544,228,192,134,2,1,1,,,,,,,,,1639357,271053392,196,1,1490647,1,0,6,samples tested,129646105,111673361,17972744,,2164695,9,8,1,1569,74,1380004385,450,28,6,3,6427,21,282,10,2,21,60,1,70,1,
IND,Asia,India,2021-04-22,16263695,332921,281683,186920,2263,1802,11785,241,204,135,2,1,1,,,,,,,,,1651711,272705103,198,1,1528813,1,0,5,samples tested,132754608,113584269,19170339,3108503,2218728,10,8,1,1608,74,1380004385,450,28,6,3,6427,21,282,10,2,21,60,1,70,1,
IND,Asia,India,2021-04-23,16610481,346786,297696,189544,2624,1985,12037,251,216,137,2,1,1,,,,,,,,,1740550,274445653,199,1,1567004,1,0,5,samples tested,,,,,2137213,,,,1549,74,1380004385,450,28,6,3,6427,21,282,10,2,21,60,1,70,1,
IND,Asia,India,2021-04-24,16960172,349691,310310,192311,2767,2166,12290,253,225,139,2,2,1,,,,,,,,,1753569,276199222,200,1,1603886,1,0,5,samples tested,,,,,2059866,,,,1493,74,1380004385,450,28,6,3,6427,21,282,10,2,21,60,1,70,1,
IND,Asia,India,2021-04-25,17313163,352991,321623,195123,2812,2336,12546,256,233,141,2,2,1,,,,,,,,,1719588,277918810,201,1,1625771,1,0,5,samples tested,139185173,117795008,21390165,,2190372,10,9,2,1587,74,1380004385,450,28,6,3,6427,21,282,10,2,21,60,1,70,1,
IND,Asia,India,2021-04-26,17636186,323023,330745,197894,2771,2481,12780,234,240,143,2,2,1,,,,,,,,,1402367,279321177,202,1,1632375,1,0,5,samples tested,142524947,119886252,22638695,3339774,2199405,10,9,2,1594,74,1380004385,450,28,6,3,6427,21,282,10,2,21,60,1,70,1,
IND,Asia,India,2021-04-27,17997113,360927,340140,201187,3293,2662,13041,262,246,146,2,2,1,,,,,,,,,1658700,280979877,204,1,1652263,1,0,5,samples tested,144879233,121263287,23615946,2354286,2355946,10,9,2,1707,74,1380004385,450,28,6,3,6427,21,282,10,2,21,60,1,70,1,
IND,Asia,India,2021-04-28,18376421,379308,349378,204832,3645,2882,13316,275,253,148,3,2,1,,,,,,,,,1723912,282703789,205,1,1664342,1,0,5,samples tested,147053392,122538179,24515213,2174159,2486755,11,9,2,1802,74,1380004385,450,28,6,3,6427,21,282,10,2,21,60,1,70,1,
IND,Asia,India,2021-04-29,18762976,386555,357040,208330,3498,3059,13596,280,259,151,3,2,1,,,,,,,,,1768190,284471979,206,1,1680982,1,0,5,samples tested,149268772,123811908,25456864,2215380,2359166,11,9,2,1710,74,1380004385,450,28,6,3,6427,21,282,10,2,21,60,1,70,1,
IND,Asia,India,2021-04-30,19164969,401993,364927,211853,3523,3187,13888,291,264,154,3,2,1,,,,,,,,,1920107,286392086,208,1,1706633,1,0,5,samples tested,151998107,125376952,26621155,2729335,2442854,11,9,2,1770,74,1380004385,450,28,6,3,6427,21,282,10,2,21,60,1,70,1,
IND,Asia,India,2021-05-01,19557457,392488,371041,215542,3689,3319,14172,284,269,156,3,2,1,,,,,,,,,1945299,288337385,209,1,1734023,1,0,5,samples tested,153626325,126328970,27297355,1628218,2369239,11,9,2,1717,74,1380004385,450,28,6,3,6427,21,282,10,2,21,60,1,70,1,
IND,Asia,India,2021-05-02,19925517,368060,373193,218959,3417,3405,14439,267,270,159,2,2,1,,,,,,,,,1804954,290142339,210,1,1746218,1,0,5,samples tested,154211511,126704151,27507360,585186,2146620,11,9,2,1556,74,1380004385,450,28,6,3,6427,21,282,10,2,21,60,1,70,1,
IND,Asia,India,2021-05-03,20282833,357316,378092,222408,3449,3502,14698,259,274,161,2,3,1,,,,,,,,,1504698,291647037,211,1,1760837,1,0,5,samples tested,156082136,127696675,28385461,1870625,1936741,11,9,2,1403,74,1380004385,450,28,6,3,6427,21,282,10,2,21,60,1,70,1,
IND,Asia,India,2021-05-04,20664979,382146,381124,226188,3780,3572,14975,277,276,164,3,3,1,,,,,,,,,1663742,293310779,213,1,1761557,1,0,5,samples tested,157750752,128627919,29122833,1668616,1838788,11,9,2,1332,74,1380004385,450,28,6,3,6427,21,282,10,2,21,60,1,70,1,
IND,Asia,India,2021-05-05,21077410,412431,385856,230168,3980,3619,15273,299,280,167,3,3,1,,,,,,,,,1541299,294852078,214,1,1735470,1,0,4,samples tested,159931238,129730641,30200597,2180486,1839692,12,9,2,1333,74,1380004385,450,28,6,3,6427,21,282,10,2,21,60,1,70,1,
IND,Asia,India,2021-05-06,21491598,414188,389803,234083,3915,3679,15574,300,282,170,3,3,1,,,,,,,,,1923131,296775209,215,1,1757604,1,0,4,samples tested,162603603,131058890,31544713,2672365,1904976,12,10,2,1380,74,1380004385,450,28,6,3,6427,21,282,10,2,21,60,1,70,1,
IND,Asia,India,2021-05-07,21892676,401078,389672,238270,4187,3774,15864,291,282,173,3,3,1,,,,,,,,,1826490,298601699,216,1,1744230,1,0,4,samples tested,165190000,132294827,32895173,2586397,1884556,12,10,2,1366,74,1380004385,450,28,6,3,6427,21,282,10,2,21,60,1,70,1,
IND,Asia,India,2021-05-08,22296081,403405,391232,242347,4077,3829,16157,292,284,176,3,3,1,,,,,,,,,1808344,300410043,218,1,1724665,1,0,4,samples tested,167493857,133366482,34127375,2303857,1981076,12,10,2,1436,74,1380004385,450,28,6,3,6427,21,282,10,2,21,60,1,70,1,
IND,Asia,India,2021-05-09,22662575,366494,391008,246116,3769,3880,16422,266,283,178,3,3,1,,,,,,,,,1865428,302275471,219,1,1733305,1,0,4,samples tested,168304868,133854676,34450192,811011,2013337,12,10,2,1459,74,1380004385,450,28,6,3,6427,21,282,10,2,21,60,1,70,1,
IND,Asia,India,2021-05-10,22992517,329942,387098,249992,3876,3941,16661,239,281,181,3,3,1,,,,,,,,,1474606,303750077,220,1,1729006,1,0,4,samples tested,171098918,135192013,35906905,2794050,2145255,12,10,3,1555,82,1380004385,450,28,6,3,6427,21,282,10,2,21,60,1,70,1,
IND,Asia,India,2021-05-11,23340938,348421,382280,254197,4205,4001,16914,252,277,184,3,3,1,,,,,,,,,1850110,305600187,221,1,1755630,1,0,5,samples tested,173862643,136557345,37305298,2763725,2301699,13,10,3,1668,82,1380004385,450,28,6,3,6427,21,282,10,2,21,60,1,70,1,
IND,Asia,India,2021-05-12,23703665,362727,375179,258317,4120,4021,17177,263,272,187,3,3,1,,,,,,,,,1983804,307583991,223,1,1818845,1,0,5,samples tested,176045577,137805245,38240332,2182934,2302048,13,10,3,1668,82,1380004385,450,28,6,3,6427,21,282,10,2,21,60,1,70,1,
IND,Asia,India,2021-05-13,24046809,343144,365030,262317,4000,4033,17425,249,265,190,3,3,1,,,,,,,,,1864594,309448585,224,1,1810482,1,0,5,samples tested,178361846,139087590,39274256,2316269,2251178,13,10,3,1631,82,1380004385,450,28,6,3,6427,21,282,10,2,21,60,1,70,1,
IND,Asia,India,2021-05-14,24372907,326098,354319,266207,3890,3991,17661,236,257,193,3,3,1,,,,,,,,,1875515,311324100,226,1,1817486,1,0,5,samples tested,179646413,139861462,39784951,1284567,2065202,13,10,3,1497,82,1380004385,450,28,6,3,6427,21,282,10,2,21,60,1,70,1,
IND,Asia,India,2021-05-15,24684077,311170,341142,270284,4077,3991,17887,225,247,196,3,3,1,,,,,,,,,1693093,313017193,227,1,1801021,1,0,5,samples tested,181544536,141132112,40412424,1898123,2007240,13,10,3,1455,82,1380004385,450,28,6,3,6427,21,282,10,2,21,60,1,70,1,
IND,Asia,India,2021-05-16,24965463,281386,328984,274390,4106,4039,18091,204,238,199,3,3,1,,,,,,,,,,,,,1777851,1,0,5,samples tested,182251006,141764335,40486671,706470,1992305,13,10,3,1444,82,1380004385,450,28,6,3,6427,21,282,10,2,21,60,1,70,1,
IND,Asia,India,2021-05-17,25228996,263533,319497,278719,4329,4104,18282,191,232,202,3,3,1,,,,,,,,,,316423658,229,,1810512,1,0,6,samples tested,183817204,143090218,40726986,1566198,1816898,13,10,3,1317,82,1380004385,450,28,6,3,6427,21,282,10,2,21,60,1,70,1,
IND,Asia,India,2021-05-18,25496330,267334,307913,283248,4529,4150,18476,194,223,205,3,3,1,,,,,,,,,1869223,318292881,231,1,1813242,1,0,6,samples tested,185191602,144270200,40921402,1374398,1618423,13,10,3,1173,82,1380004385,450,28,6,3,6427,21,282,10,2,21,60,1,70,1,
IND,Asia,India,2021-05-19,25772440,276110,295539,287122,3874,4115,18676,200,214,208,3,3,1,,,,,,,,,2008296,320301177,232,1,1816741,1,0,6,samples tested,186410600,145333606,41076994,1218998,1480718,14,11,3,1073,82,1380004385,450,28,6,3,6427,21,282,10,2,21,60,1,70,1,
IND,Asia,India,2021-05-20,26031991,259551,283597,291331,4209,4145,18864,188,206,211,3,3,1,,,,,,,,,2055010,322356187,234,1,1843943,1,0,6,samples tested,187886885,146624652,41262233,1476285,1360720,14,11,3,986,82,1380004385,450,28,6,3,6427,21,282,10,2,21,60,1,70,1,
IND,Asia,India,2021-05-21,26289290,257299,273769,295525,4194,4188,19050,186,198,214,3,3,1,,,,,,,,,2061683,324417870,235,1,1870539,1,0,7,samples tested,,,,,1388325,,,,1006,82,1380004385,450,28,6,3,6427,21,282,10,2,21,60,1,70,1,
IND,Asia,India,2021-05-22,26530132,240842,263722,299266,3741,4140,19225,175,191,217,3,3,1,,,,,,,,,2066285,326484155,237,1,1923852,1,0,7,samples tested,190842497,149219616,41622881,,1328280,14,11,3,963,82,1380004385,450,28,6,3,6427,21,282,10,2,21,60,1,70,1,
IND,Asia,India,2021-05-23,26752447,222315,255283,303720,4454,4190,19386,161,185,220,3,3,1,,,,,,,,,2123782,328607937,238,2,1983930,1,0,8,samples tested,191719240,150033188,41686052,876743,1352605,14,11,3,980,82,1380004385,450,28,6,3,6427,21,282,10,2,21,60,1,70,1,
IND,Asia,India,2021-05-24,26948874,196427,245697,307231,3511,4073,19528,142,178,223,3,3,1,,,,,,,,,1928127,330536064,240,1,2016058,1,0,8,samples tested,194165711,152301505,41864206,2446471,1478358,14,11,3,1071,82,1380004385,450,28,6,3,6427,21,282,10,2,21,60,1,70,1,
IND,Asia,India,2021-05-25,27157795,208921,237352,311388,4157,4020,19679,151,172,226,3,3,1,,,,,,,,,2058112,332594176,241,1,2043042,1,0,9,samples tested,195506779,153511379,41995400,1341068,1473597,14,11,3,1068,82,1380004385,450,28,6,3,6427,21,282,10,2,21,60,1,70,1,
IND,Asia,India,2021-05-26,27369093,211298,228093,315235,3847,4016,19833,153,165,228,3,3,1,,,,,,,,,2217320,334811496,243,2,2072903,2,0,9,samples tested,198425615,156189641,42235974,2918836,1716431,14,11,3,1244,82,1380004385,450,28,6,3,6427,21,282,10,2,21,60,1,70,1,
IND,Asia,India,2021-05-27,27555457,186364,217638,318895,3660,3938,19968,135,158,231,3,3,1,,,,,,,,,2157857,336969353,244,2,2087595,2,0,10,samples tested,201203166,158783606,42419560,2777551,1902326,15,12,3,1378,82,1380004385,450,28,6,3,6427,21,282,10,2,21,60,1,70,1,
IND,Asia,India,2021-05-28,27729247,173790,205708,322512,3617,3855,20094,126,149,234,3,3,1,,,,,,,,,2070508,339039861,246,2,2088856,2,0,10,samples tested,203166802,160605562,42561240,1963636,1971730,15,12,3,1429,82,1380004385,450,28,6,3,6427,21,282,10,2,21,60,1,70,1,
IND,Asia,India,2021-05-29,27894800,165553,194953,325972,3460,3815,20214,120,141,236,3,3,1,,,,,,,,,2080048,341119909,247,2,2090822,2,0,11,samples tested,207088953,164158704,42930249,3922151,2320922,15,12,3,1682,82,1380004385,450,28,6,3,6427,21,282,10,2,21,60,1,70,1,
IND,Asia,India,2021-05-30,28047534,152734,185012,329100,3128,3626,20324,111,134,238,2,3,1,,,,,,,,,2063839,343183748,249,1,2082259,2,0,11,samples tested,208665123,165598013,43067110,1576170,2420840,15,12,3,1754,82,1380004385,450,28,6,3,6427,21,282,10,2,21,60,1,70,1,
IND,Asia,India,2021-05-31,28175044,127510,175167,331895,2795,3523,20417,92,127,241,2,3,1,,,,,,,,,1683135,344866883,250,1,2047260,1,0,12,samples tested,210449895,167191085,43258810,1784772,2326312,15,12,3,1686,82,1380004385,450,28,6,3,6427,21,282,10,2,21,60,1,70,1,
IND,Asia,India,2021-06-01,28307832,132788,164291,335102,3207,3388,20513,96,119,243,2,2,1,,,,,,,,,1925374,346792257,251,1,2028297,1,0,12,samples tested,213135738,169585180,43550558,2685843,2518423,15,12,3,1825,82,1380004385,450,28,6,3,6427,21,282,10,2,21,60,1,70,1,
IND,Asia,India,2021-06-02,28441986,134154,153270,337989,2887,3251,20610,97,111,245,2,2,1,,,,,,,,,3265073,350057330,254,2,2177976,2,0,14,samples tested,215678166,171866824,43811342,2542428,2464650,16,12,3,1786,82,1380004385,450,28,6,3,6427,21,282,10,2,21,60,1,70,1,
IND,Asia,India,2021-06-03,28574350,132364,145556,340702,2713,3115,20706,96,105,247,2,2,1,,,,,,,,,3725318,353782648,256,3,2401899,2,0,16,samples tested,218344384,174296917,44047467,2666218,2448745,16,13,3,1774,82,1380004385,450,28,6,3,6427,21,282,10,2,21,60,1,70,1,
IND,Asia,India,2021-06-04,28694879,120529,137947,344082,3380,3081,20793,87,100,249,2,2,1,,,,,,,,,3651198,357433846,259,3,2627712,2,0,19,samples tested,223607768,179172948,44434820,5263384,2920138,16,13,3,2116,82,1380004385,450,28,6,3,6427,21,282,10,2,21,60,1,70,1,
IND,Asia,India,2021-06-05,28809339,114460,130648,346759,2677,2970,20876,83,95,251,2,2,1,,,,,,,,,3740296,361174142,262,3,2864890,2,0,22,samples tested,225571144,180972102,44599042,1963376,2640313,16,13,3,1913,82,1380004385,450,28,6,3,6427,21,282,10,2,21,60,1,70,1,
IND,Asia,India,2021-06-06,28909975,100636,123206,349186,2427,2869,20949,73,89,253,2,2,1,,,,,,,,,3572380,364746522,264,3,3080396,2,0,25,samples tested,228041045,183275704,44765341,2469901,2767989,17,13,3,2006,82,1380004385,450,28,6,3,6427,21,282,10,2,21,60,1,70,1,
IND,Asia,India,2021-06-07,28996473,86498,117347,351309,2123,2773,21012,63,85,255,2,2,1,,,,,,,,,1587589,366334111,265,1,3066747,2,0,26,samples tested,230490652,185501579,44989073,2449607,2862965,17,13,3,2075,82,1380004385,450,28,6,3,6427,21,282,10,2,21,60,1,70,1,
IND,Asia,India,2021-06-08,29089069,92596,111605,353528,2219,2632,21079,67,81,256,2,2,1,,,,,,,,,1873485,368207596,267,1,3059334,2,0,27,samples tested,233680929,188363894,45317035,3190277,2935027,17,14,3,2127,82,1380004385,450,28,6,3,6427,21,282,10,2,21,60,1,70,1,
IND,Asia,India,2021-06-09,29182532,93463,105792,355705,2177,2531,21147,68,77,258,2,2,1,,,,,,,,,1985967,370193563,268,1,2876605,2,0,27,samples tested,236856505,191222380,45634125,3175576,3025477,17,14,3,2192,82,1380004385,450,28,6,3,6427,21,282,10,2,21,60,1,70,1,
IND,Asia,India,2021-06-10,29274823,92291,100068,363079,7374,3197,21214,67,73,263,5,2,1,,,,,,,,,2004690,372198253,270,1,2630801,2,0,26,samples tested,240281903,194325996,45955907,3425398,3133931,17,14,3,2271,82,1380004385,450,28,6,3,6427,21,282,10,2,21,60,1,70,1,
IND,Asia,India,2021-06-11,29359155,84332,94897,367081,4002,3286,21275,61,69,266,3,2,1,,,,,,,,,2044131,374242384,271,1,2401220,2,0,25,samples tested,243703242,197415653,46287589,3421339,2870782,18,14,3,2080,82,1380004385,450,28,6,3,6427,21,282,10,2,21,60,1,70,1,
IND,Asia,India,2021-06-12,29439989,80834,90093,370384,3303,3375,21333,59,65,268,2,2,1,,,,,,,,,1989778,376232162,273,1,2151146,2,0,24,samples tested,246188067,199655293,46532774,2484825,2945275,18,14,3,2134,82,1380004385,450,28,6,3,6427,21,282,10,2,21,60,1,70,1,
IND,Asia,India,2021-06-13,29510410,70421,85776,374305,3921,3588,21384,51,62,271,3,3,1,,,,,,,,,1900312,378132474,274,1,1912279,1,0,22,samples tested,249430416,202572835,46857581,3242349,3055624,18,15,3,2214,82,1380004385,450,28,6,3,6427,21,282,10,2,21,60,1,70,1,
IND,Asia,India,2021-06-14,29570881,60471,82058,377031,2726,3675,21428,44,59,273,2,3,1,,,,,,,,,1492152,379624626,275,1,1898645,1,0,23,samples tested,252760364,205571046,47189318,3329948,3181387,18,15,3,2305,82,1380004385,450,28,6,3,6427,21,282,10,2,21,60,1,70,1,
IND,Asia,India,2021-06-15,29633105,62224,77719,379573,2542,3721,21473,45,56,275,2,3,1,,,,,,,,,1751358,381375984,276,1,1881198,1,0,24,samples tested,255305366,207830971,47474395,2545002,3089205,18,15,3,2239,82,1380004385,450,28,6,3,6427,21,282,10,2,21,60,1,70,1,
IND,Asia,India,2021-06-16,29700313,67208,73969,381903,2330,3743,21522,49,54,277,2,3,1,,,,,,,,,1930987,383306971,278,1,1873344,1,0,25,samples tested,258325900,210442950,47882950,3020534,3067056,19,15,3,2222,82,1380004385,450,28,6,3,6427,21,282,10,2,21,60,1,70,1,
IND,Asia,India,2021-06-17,29762793,62480,69710,383490,1587,2916,21567,45,51,278,1,2,1,,,,,,,,,1931249,385238220,279,1,1862852,1,0,27,samples tested,262970250,214553189,48417061,4644350,3241192,19,16,4,2349,82,1380004385,450,28,6,3,6427,21,282,10,2,21,60,1,70,1,
IND,Asia,India,2021-06-18,29823546,60753,66342,385137,1647,2579,21611,44,48,279,1,2,1,,,,,,,,,1929476,387167696,281,1,1846473,1,0,28,samples tested,266355940,217542993,48812947,3385690,3236100,19,16,4,2345,82,1380004385,450,28,6,3,6427,21,282,10,2,21,60,1,70,1,
IND,Asia,India,2021-06-19,29881772,58226,63112,386708,1571,2332,21653,42,46,280,1,2,1,,,,,,,,,2039941,389207637,282,1,1853639,1,0,29,samples tested,270908312,221493259,49415053,4552372,3531464,20,16,4,2559,82,1380004385,450,28,6,3,6427,21,282,10,2,21,60,1,70,1,
IND,Asia,India,2021-06-20,29935221,53449,60687,388135,1427,1976,21692,39,44,281,1,1,1,,,,,,,,,1811446,391019083,283,1,1840944,1,0,30,samples tested,274286599,224541283,49745316,3378287,3550883,20,16,4,2573,82,1380004385,450,28,6,3,6427,21,282,10,2,21,60,1,70,1,
IND,Asia,India,2021-06-21,29977861,42640,58140,389302,1167,1753,21723,31,42,282,1,1,1,,,,,,,,,1388699,392407782,284,1,1826165,1,0,31,samples tested,283313942,232744813,50569129,9027343,4364797,21,17,4,3163,82,1380004385,450,28,6,3,6427,21,282,10,2,21,60,1,70,1,
IND,Asia,India,2021-06-22,30028709,50848,56515,390660,1358,1584,21760,37,41,283,1,1,1,,,,,,,,,1664360,394072142,286,1,1813737,1,0,32,samples tested,289855456,238586187,51269269,6541514,4935727,21,17,4,3577,82,1380004385,450,28,6,3,6427,21,282,10,2,21,60,1,70,1,
IND,Asia,India,2021-06-23,30082778,54069,54638,391981,1321,1440,21799,39,40,284,1,1,,,,,,,,,,1901056,395973198,287,1,1809461,1,0,33,samples tested,293370338,241720520,51649818,3514882,5006348,21,18,4,3628,82,1380004385,450,28,6,3,6427,21,282,10,2,21,60,1,70,1,
IND,Asia,India,2021-06-24,30134445,51667,53093,393310,1329,1403,21836,37,38,285,1,1,,,,,,,,,,1859469,397832667,288,1,1799207,1,0,34,samples tested,300054027,247652194,52401833,6683689,5297682,22,18,4,3839,82,1380004385,450,28,6,3,6427,21,282,10,2,21,60,1,70,1,
IND,Asia,India,2021-06-25,30183143,48698,51371,394493,1183,1337,21872,35,37,286,1,1,,,,,,,,,,1735781,399568448,290,1,1771536,1,0,34,samples tested,306661528,253359907,53301621,6607501,5757941,22,18,4,4172,82,1380004385,450,28,6,3,6427,21,282,10,2,21,60,1,70,1,
IND,Asia,India,2021-06-26,30233183,50040,50202,395751,1258,1292,21908,36,36,287,1,1,,,,,,,,,,2243444,401811892,291,2,1800608,1,0,36,samples tested,314841384,260253182,54588202,8179856,6276153,23,19,4,4548,82,1380004385,450,28,6,3,6427,21,282,10,2,21,60,1,70,1,
IND,Asia,India,2021-06-27,30279331,46148,49159,396730,979,1228,21941,33,36,287,1,1,,,,,,,,,,2453209,404265101,293,2,1892288,1,0,38,samples tested,318030412,262916313,55114099,3189028,6249116,23,19,4,4528,82,1380004385,450,28,6,3,6427,21,282,10,2,21,60,1,70,1,
IND,Asia,India,2021-06-28,30316897,37566,48434,397637,907,1191,21969,27,35,288,1,1,,,,,,,,,,2106178,406371279,294,2,1994785,1,0,41,samples tested,321423578,265545768,55877810,3393166,5444234,23,19,4,3945,82,1380004385,450,28,6,3,6427,21,282,10,2,21,60,1,70,1,
IND,Asia,India,2021-06-29,30362848,45951,47734,398454,817,1113,22002,33,35,289,1,1,,,,,,,,,,1768008,408139287,296,1,2009592,1,,,samples tested,327423913,270178001,57245912,6000335,5366922,24,20,4,3889,,1380004385,450,28,6,3,6427,21,282,10,2,21,60,1,70,1,
IND,Asia,India,2021-06-30,30411634,48786,46979,399459,1005,1068,22037,35,34,289,1,1,,,,,,,,,,,,,,,,,,,329158139,271410023,57748116,1734226,5112543,24,20,4,3705,,1380004385,450,28,6,3,6427,21,282,10,2,21,60,1,70,1,
