countryterritoryCode,continentExp,countriesAndTerritories,dateRep,total_cases,cases,new_cases_smoothed,total_deaths,deaths,new_deaths_smoothed,total_cases_per_million,new_cases_per_million,new_cases_smoothed_per_million,total_deaths_per_million,new_deaths_per_million,new_deaths_smoothed_per_million,reproduction_rate,icu_patients,icu_patients_per_million,hosp_patients,hosp_patients_per_million,weekly_icu_admissions,weekly_icu_admissions_per_million,weekly_hosp_admissions,weekly_hosp_admissions_per_million,new_tests,total_tests,total_tests_per_thousand,new_tests_per_thousand,new_tests_smoothed,new_tests_smoothed_per_thousand,positive_rate,tests_per_case,tests_units,total_vaccinations,people_vaccinated,people_fully_vaccinated,new_vaccinations,new_vaccinations_smoothed,total_vaccinations_per_hundred,people_vaccinated_per_hundred,people_fully_vaccinated_per_hundred,new_vaccinations_smoothed_per_million,stringency_index,popData2019,population_density,median_age,aged_65_older,aged_70_older,gdp_per_capita,extreme_poverty,cardiovasc_death_rate,diabetes_prevalence,female_smokers,male_smokers,handwashing_facilities,hospital_beds_per_thousand,life_expectancy,human_development_index,excess_mortality
JPN,Asia,Japan,2021-01-01,239068,3257,3499,3540,248,75,1890,26,28,28,2,1,1,,,,,,,,,25072,4511789,36,0,32798,0,0,9,people tested,,,,,,,,,,48,126476458,348,48,27,18,39002,,79,6,11,34,,13,85,1,
JPN,Asia,Japan,2021-01-02,242097,3029,3376,3571,31,73,1914,24,27,28,0,1,1,,,,,,,,,8746,4520535,36,0,29380,0,0,9,people tested,,,,,,,,,,48,126476458,348,48,27,18,39002,,79,6,11,34,,13,85,1,
JPN,Asia,Japan,2021-01-03,245293,3196,3412,3631,60,76,1939,25,27,29,0,1,1,,,,,,,,,20291,4540826,36,0,30569,0,0,9,people tested,,,,,,,,,,48,126476458,348,48,27,18,39002,,79,6,11,34,,13,85,1,
JPN,Asia,Japan,2021-01-04,248625,3332,3548,3679,48,75,1966,26,28,29,0,1,1,,,,,,,,,84338,4625164,37,1,31992,0,0,9,people tested,,,,,,,,,,48,126476458,348,48,27,18,39002,,79,6,11,34,,13,85,1,
JPN,Asia,Japan,2021-01-05,253571,4946,3737,3755,76,80,2005,39,30,30,1,1,1,,,,,,,,,88446,4713610,37,1,41077,0,0,11,people tested,,,,,,,,,,50,126476458,348,48,27,18,39002,,79,6,11,34,,13,85,1,
JPN,Asia,Japan,2021-01-06,259521,5950,4036,3820,65,82,2052,47,32,30,1,1,1,,,,,,,,,73967,4787577,38,1,48634,0,0,12,people tested,,,,,,,,,,50,126476458,348,48,27,18,39002,,79,6,11,34,,13,85,1,
JPN,Asia,Japan,2021-01-07,267084,7563,4468,3884,64,85,2112,60,35,31,1,1,1,,,,,,,,,81440,4869017,38,1,54614,0,0,12,people tested,,,,,,,,,,50,126476458,348,48,27,18,39002,,79,6,11,34,,13,85,1,
JPN,Asia,Japan,2021-01-08,274947,7863,5126,3962,78,60,2174,62,41,31,1,0,1,,,,,,,,,63373,4932390,39,1,60086,0,0,12,people tested,,,,,,,,,,50,126476458,348,48,27,18,39002,,79,6,11,34,,13,85,1,
JPN,Asia,Japan,2021-01-09,282737,7790,5806,4021,59,64,2235,62,46,32,0,1,1,,,,,,,,,35730,4968120,39,0,63941,1,0,11,people tested,,,,,,,,,,50,126476458,348,48,27,18,39002,,79,6,11,34,,13,85,1,
JPN,Asia,Japan,2021-01-10,288818,6081,6218,4066,45,62,2284,48,49,32,0,0,1,,,,,,,,,24008,4992128,39,0,64472,1,0,10,people tested,,,,,,,,,,50,126476458,348,48,27,18,39002,,79,6,11,34,,13,85,1,
JPN,Asia,Japan,2021-01-11,293746,4928,6446,4114,48,62,2323,39,51,33,0,0,1,,,,,,,,,19942,5012070,40,0,55272,0,0,9,people tested,,,,,,,,,,50,126476458,348,48,27,18,39002,,79,6,11,34,,13,85,1,
JPN,Asia,Japan,2021-01-12,298321,4575,6393,4178,64,60,2359,36,51,33,1,0,1,,,,,,,,,86551,5098621,40,1,55002,0,0,9,people tested,,,,,,,,,,50,126476458,348,48,27,18,39002,,79,6,11,34,,13,85,1,
JPN,Asia,Japan,2021-01-13,304140,5819,6374,4275,97,65,2405,46,50,34,1,1,1,,,,,,,,,81255,5179876,41,1,56043,0,0,9,people tested,,,,,,,,,,50,126476458,348,48,27,18,39002,,79,6,11,34,,13,85,1,
JPN,Asia,Japan,2021-01-14,310734,6594,6236,4341,66,65,2457,52,49,34,1,1,1,,,,,,,,,101255,5281131,42,1,58873,0,0,9,people tested,,,,,,,,,,50,126476458,348,48,27,18,39002,,79,6,11,34,,13,85,1,
JPN,Asia,Japan,2021-01-15,317871,7137,6132,4419,78,65,2513,56,48,35,1,1,1,,,,,,,,,70610,5351741,42,1,59907,0,0,10,people tested,,,,,,,,,,50,126476458,348,48,27,18,39002,,79,6,11,34,,13,85,1,
JPN,Asia,Japan,2021-01-16,324942,7071,6029,4475,56,65,2569,56,48,35,0,1,1,,,,,,,,,44662,5396403,43,0,61183,0,0,10,people tested,,,,,,,,,,50,126476458,348,48,27,18,39002,,79,6,11,34,,13,85,1,
JPN,Asia,Japan,2021-01-17,330715,5773,5985,4524,49,65,2615,46,47,36,0,1,1,,,,,,,,,16038,5412441,43,0,60045,0,0,10,people tested,,,,,,,,,,50,126476458,348,48,27,18,39002,,79,6,11,34,,13,85,1,
JPN,Asia,Japan,2021-01-18,335605,4890,5980,4582,58,67,2653,39,47,36,0,1,1,,,,,,,,,80773,5493214,43,1,68735,1,0,12,people tested,,,,,,,,,,50,126476458,348,48,27,18,39002,,79,6,11,34,,13,85,1,
JPN,Asia,Japan,2021-01-19,340989,5384,6095,4686,104,73,2696,43,48,37,1,1,1,,,,,,,,,103313,5596527,44,1,71129,1,0,12,people tested,,,,,,,,,,50,126476458,348,48,27,18,39002,,79,6,11,34,,13,85,1,
JPN,Asia,Japan,2021-01-20,346508,5519,6053,4778,92,72,2740,44,48,38,1,1,1,,,,,,,,,86804,5683331,45,1,71922,1,0,12,people tested,,,,,,,,,,50,126476458,348,48,27,18,39002,,79,6,11,34,,13,85,1,
JPN,Asia,Japan,2021-01-21,352129,5621,5914,4872,94,76,2784,44,47,39,1,1,1,,,,,,,,,85769,5769100,46,1,69710,1,0,12,people tested,,,,,,,,,,50,126476458,348,48,27,18,39002,,79,6,11,34,,13,85,1,
JPN,Asia,Japan,2021-01-22,357174,5045,5615,4980,108,80,2824,40,44,39,1,1,1,,,,,,,,,101273,5870373,46,1,74090,1,0,13,people tested,,,,,,,,,,50,126476458,348,48,27,18,39002,,79,6,11,34,,13,85,1,
JPN,Asia,Japan,2021-01-23,361928,4754,5284,5063,83,84,2862,38,42,40,1,1,1,,,,,,,,,37116,5907489,47,0,73012,1,0,14,people tested,,,,,,,,,,50,126476458,348,48,27,18,39002,,79,6,11,34,,13,85,1,
JPN,Asia,Japan,2021-01-24,365899,3971,5026,5119,56,85,2893,31,40,40,0,1,1,,,,,,,,,18784,5926273,47,0,73405,1,0,15,people tested,,,,,,,,,,50,126476458,348,48,27,18,39002,,79,6,11,34,,13,85,1,
JPN,Asia,Japan,2021-01-25,368684,2785,4726,5193,74,87,2915,22,37,41,1,1,1,,,,,,,,,81941,6008214,48,1,73571,1,0,16,people tested,,,,,,,,,,50,126476458,348,48,27,18,39002,,79,6,11,34,,13,85,1,
JPN,Asia,Japan,2021-01-26,372545,3861,4508,5297,104,87,2946,31,36,42,1,1,1,,,,,,,,,66335,6074549,48,1,68289,1,0,15,people tested,,,,,,,,,,50,126476458,348,48,27,18,39002,,79,6,11,34,,13,85,1,
JPN,Asia,Japan,2021-01-27,376482,3937,4282,5387,90,87,2977,31,34,43,1,1,1,,,,,,,,,90824,6165373,49,1,68863,1,0,16,people tested,,,,,,,,,,50,126476458,348,48,27,18,39002,,79,6,11,34,,13,85,1,
JPN,Asia,Japan,2021-01-28,380644,4162,4074,5500,113,90,3010,33,32,43,1,1,1,,,,,,,,,64332,6229705,49,1,65801,1,0,16,people tested,,,,,,,,,,50,126476458,348,48,27,18,39002,,79,6,11,34,,13,85,1,
JPN,Asia,Japan,2021-01-29,384180,3536,3858,5597,97,88,3038,28,31,44,1,1,1,,,,,,,,,82296,6312001,50,1,63090,0,0,16,people tested,,,,,,,,,,50,126476458,348,48,27,18,39002,,79,6,11,34,,13,85,1,
JPN,Asia,Japan,2021-01-30,387499,3319,3653,5688,91,89,3064,26,29,45,1,1,1,,,,,,,,,40425,6352426,50,0,63562,1,0,17,people tested,,,,,,,,,,50,126476458,348,48,27,18,39002,,79,6,11,34,,13,85,1,
JPN,Asia,Japan,2021-01-31,390166,2667,3467,5753,65,91,3085,21,27,45,1,1,1,,,,,,,,,17772,6370198,50,0,63418,1,0,18,people tested,,,,,,,,,,50,126476458,348,48,27,18,39002,,79,6,11,34,,13,85,1,5
JPN,Asia,Japan,2021-02-01,391956,1790,3325,5833,80,91,3099,14,26,46,1,1,1,,,,,,,,,67269,6437467,51,1,61322,0,0,18,people tested,,,,,,,,,,50,126476458,348,48,27,18,39002,,79,6,11,34,,13,85,1,
JPN,Asia,Japan,2021-02-02,394269,2313,3103,5952,119,94,3117,18,25,47,1,1,1,,,,,,,,,59110,6496577,51,0,60290,0,0,19,people tested,,,,,,,,,,50,126476458,348,48,27,18,39002,,79,6,11,34,,13,85,1,
JPN,Asia,Japan,2021-02-03,396900,2631,2917,6068,116,97,3138,21,23,48,1,1,1,,,,,,,,,68807,6565384,52,1,57144,0,0,20,people tested,,,,,,,,,,50,126476458,348,48,27,18,39002,,79,6,11,34,,13,85,1,
JPN,Asia,Japan,2021-02-04,399492,2592,2693,6172,104,96,3159,20,21,49,1,1,1,,,,,,,,,61902,6627286,52,0,56797,0,0,21,people tested,,,,,,,,,,50,126476458,348,48,27,18,39002,,79,6,11,34,,13,85,1,
JPN,Asia,Japan,2021-02-05,401858,2366,2525,6278,106,97,3177,19,20,50,1,1,1,,,,,,,,,71144,6698430,53,1,55204,0,0,22,people tested,,,,,,,,,,50,126476458,348,48,27,18,39002,,79,6,11,34,,13,85,1,
JPN,Asia,Japan,2021-02-06,404128,2270,2376,6372,94,98,3195,18,19,50,1,1,1,,,,,,,,,33043,6731473,53,0,54150,0,0,23,people tested,,,,,,,,,,50,126476458,348,48,27,18,39002,,79,6,11,34,,13,85,1,
JPN,Asia,Japan,2021-02-07,405765,1637,2228,6424,52,96,3208,13,18,51,0,1,1,,,,,,,,,18191,6749664,53,0,54209,0,0,24,people tested,,,,,,,,,,50,126476458,348,48,27,18,39002,,79,6,11,34,,13,85,1,
JPN,Asia,Japan,2021-02-08,406992,1227,2148,6507,83,96,3218,10,17,51,1,1,1,,,,,,,,,58499,6808163,54,0,52957,0,0,25,people tested,,,,,,,,,,50,126476458,348,48,27,18,39002,,79,6,11,34,,13,85,1,
JPN,Asia,Japan,2021-02-09,408550,1558,2040,6602,95,93,3230,12,16,52,1,1,1,,,,,,,,,78153,6886316,54,1,55677,0,0,27,people tested,,,,,,,,,,50,126476458,348,48,27,18,39002,,79,6,11,34,,13,85,1,
JPN,Asia,Japan,2021-02-10,410434,1884,1933,6723,121,94,3245,15,15,53,1,1,1,,,,,,,,,65352,6951668,55,1,55183,0,0,28,people tested,,,,,,,,,,50,126476458,348,48,27,18,39002,,79,6,11,34,,13,85,1,
JPN,Asia,Japan,2021-02-11,412125,1691,1805,6800,77,90,3259,13,14,54,1,1,1,,,,,,,,,32865,6984533,55,0,51035,0,0,28,people tested,,,,,,,,,,50,126476458,348,48,27,18,39002,,79,6,11,34,,13,85,1,
JPN,Asia,Japan,2021-02-12,413441,1316,1655,6863,63,84,3269,10,13,54,0,1,1,,,,,,,,,56650,7041183,56,0,48965,0,0,30,people tested,,,,,,,,,,50,126476458,348,48,27,18,39002,,79,6,11,34,,13,85,1,
JPN,Asia,Japan,2021-02-13,414803,1362,1525,6928,65,79,3280,11,12,55,1,1,1,,,,,,,,,30220,7071403,56,0,48561,0,0,32,people tested,,,,,,,,,,50,126476458,348,48,27,18,39002,,79,6,11,34,,13,85,1,
JPN,Asia,Japan,2021-02-14,416154,1351,1484,6966,38,77,3290,11,12,55,0,1,1,,,,,,,,,14716,7086119,56,0,48065,0,0,32,people tested,,,,,,,,,,50,126476458,348,48,27,18,39002,,79,6,11,34,,13,85,1,
JPN,Asia,Japan,2021-02-15,417127,973,1448,7038,72,76,3298,8,11,56,1,1,1,,,,,,,,,58421,7144540,56,0,48054,0,0,33,people tested,,,,,,,,,,50,126476458,348,48,27,18,39002,,79,6,11,34,,13,85,1,
JPN,Asia,Japan,2021-02-16,418435,1308,1412,7139,101,77,3308,10,11,56,1,1,1,,,,,,,,,59849,7204389,57,0,45439,0,0,32,people tested,,,,,,,,,,50,126476458,348,48,27,18,39002,,79,6,11,34,,13,85,1,
JPN,Asia,Japan,2021-02-17,419896,1461,1352,7218,79,71,3320,12,11,57,1,1,1,,,,,,,,,61138,7265527,57,0,44837,0,0,33,people tested,125,125,,,,0,0,,,50,126476458,348,48,27,18,39002,,79,6,11,34,,13,85,1,
JPN,Asia,Japan,2021-02-18,421421,1525,1328,7294,76,71,3332,12,10,58,1,1,1,,,,,,,,,54504,7320031,58,0,47928,0,0,36,people tested,611,611,,486,486,0,0,,4,50,126476458,348,48,27,18,39002,,79,6,11,34,,13,85,1,
JPN,Asia,Japan,2021-02-19,422718,1297,1325,7360,66,71,3342,10,10,58,1,1,1,,,,,,,,,74955,7394986,58,1,50543,0,0,38,people tested,5039,5039,,4428,2457,0,0,,19,50,126476458,348,48,27,18,39002,,79,6,11,34,,13,85,1,
JPN,Asia,Japan,2021-02-20,423952,1234,1307,7438,78,73,3352,10,10,59,1,1,1,,,,,,,,,31579,7426565,59,0,50737,0,0,39,people tested,,,,,2404,,,,19,50,126476458,348,48,27,18,39002,,79,6,11,34,,13,85,1,
JPN,Asia,Japan,2021-02-21,424988,1036,1262,7485,47,74,3360,8,10,59,0,1,1,,,,,,,,,14683,7441248,59,0,50733,0,0,40,people tested,,,,,2378,,,,19,50,126476458,348,48,27,18,39002,,79,6,11,34,,13,85,1,
JPN,Asia,Japan,2021-02-22,425725,737,1228,7541,56,72,3366,6,10,60,0,1,1,,,,,,,,,54180,7495428,59,0,50127,0,0,41,people tested,11934,11934,,,2362,0,0,,19,50,126476458,348,48,27,18,39002,,79,6,11,34,,13,85,1,
JPN,Asia,Japan,2021-02-23,426828,1103,1199,7595,54,65,3375,9,9,60,0,1,1,,,,,,,,,18324,7513752,59,0,44195,0,0,37,people tested,,,,,2464,,,,19,50,126476458,348,48,27,18,39002,,79,6,11,34,,13,85,1,
JPN,Asia,Japan,2021-02-24,427732,904,1119,7664,69,64,3382,7,9,61,1,1,1,,,,,,,,,54702,7568454,60,0,43275,0,0,39,people tested,17888,17888,,,2538,0,0,,20,50,126476458,348,48,27,18,39002,,79,6,11,34,,13,85,1,
JPN,Asia,Japan,2021-02-25,428816,1084,1056,7738,74,63,3390,9,8,61,1,1,1,,,,,,,,,59234,7627688,60,0,43951,0,0,42,people tested,21896,21896,,4008,3041,0,0,,24,50,126476458,348,48,27,18,39002,,79,6,11,34,,13,85,1,
JPN,Asia,Japan,2021-02-26,429873,1057,1022,7818,80,65,3399,8,8,62,1,1,1,,,,,,,,,57864,7685552,61,0,41509,0,0,41,people tested,28530,28530,,6634,3356,0,0,,27,50,126476458,348,48,27,18,39002,,79,6,11,34,,13,85,1,
JPN,Asia,Japan,2021-02-27,431093,1220,1020,7859,41,60,3408,10,8,62,0,0,1,,,,,,,,,29196,7714748,61,0,41169,0,0,40,people tested,,,,,3183,,,,25,51,126476458,348,48,27,18,39002,,79,6,11,34,,13,85,1,
JPN,Asia,Japan,2021-02-28,432090,997,1015,7889,30,58,3416,8,8,62,0,0,1,,,,,,,,,19775,7734523,61,0,41896,0,0,41,people tested,,,,,3009,,,,24,51,126476458,348,48,27,18,39002,,79,6,11,34,,13,85,1,2
JPN,Asia,Japan,2021-03-01,432778,688,1008,7940,51,57,3422,5,8,63,0,0,1,,,,,,,,,60090,7794613,62,0,42741,0,0,42,people tested,31785,31785,,,2836,0,0,,22,48,126476458,348,48,27,18,39002,,79,6,11,34,,13,85,1,
JPN,Asia,Japan,2021-03-02,433700,922,982,8005,65,59,3429,7,8,63,1,0,1,,,,,,,,,82324,7876937,62,1,51884,0,0,53,people tested,34772,34772,,2987,2837,0,0,,22,48,126476458,348,48,27,18,39002,,79,6,11,34,,13,85,1,
JPN,Asia,Japan,2021-03-03,434944,1244,1030,8068,63,58,3439,10,8,64,0,0,1,,,,,,,,,30168,7907105,63,0,48379,0,0,47,people tested,37303,37303,,2531,2774,0,0,,22,48,126476458,348,48,27,18,39002,,79,6,11,34,,13,85,1,
JPN,Asia,Japan,2021-03-04,436093,1149,1040,8135,67,57,3448,9,8,64,1,0,1,,,,,,,,,68856,7975961,63,1,49753,0,0,48,people tested,39174,39174,,1871,2468,0,0,,20,48,126476458,348,48,27,18,39002,,79,6,11,34,,13,85,1,
JPN,Asia,Japan,2021-03-05,437222,1129,1050,8190,55,53,3457,9,8,65,0,0,1,,,,,,,,,45153,8021114,63,0,47937,0,0,46,people tested,46469,46469,,7295,2563,0,0,,20,48,126476458,348,48,27,18,39002,,79,6,11,34,,13,85,1,
JPN,Asia,Japan,2021-03-06,437634,412,934,8196,6,48,3460,3,7,65,0,0,1,,,,,,,,,31058,8052172,64,0,48203,0,0,52,people tested,,,,,3566,,,,28,45,126476458,348,48,27,18,39002,,79,6,11,34,,13,85,1,
JPN,Asia,Japan,2021-03-07,439356,1722,1038,8255,59,52,3474,14,8,65,0,0,1,,,,,,,,,14409,8066581,64,0,47437,0,0,46,people tested,,,,,4570,,,,36,45,126476458,348,48,27,18,39002,,79,6,11,34,,13,85,1,
JPN,Asia,Japan,2021-03-08,439977,621,1028,8301,46,52,3479,5,8,66,0,0,1,,,,,,,,,67917,8134498,64,1,48555,0,0,47,people tested,70796,70796,,,5573,0,0,,44,45,126476458,348,48,27,18,39002,,79,6,11,34,,13,85,1,
JPN,Asia,Japan,2021-03-09,441152,1175,1065,8359,58,51,3488,9,8,66,0,0,1,,,,,,,,,40237,8174735,65,0,42543,0,0,40,people tested,107558,107558,,36762,10398,0,0,,82,45,126476458,348,48,27,18,39002,,79,6,11,34,,13,85,1,
JPN,Asia,Japan,2021-03-10,442411,1259,1067,8412,53,49,3498,10,8,67,0,0,1,,,,,,,,,60152,8234887,65,0,46826,0,0,44,people tested,148950,148915,35,41392,15950,0,0,0,126,45,126476458,348,48,27,18,39002,,79,6,11,34,,13,85,1,
JPN,Asia,Japan,2021-03-11,443714,1303,1089,8457,45,46,3508,10,9,67,0,0,1,,,,,,,,,56851,8291738,66,0,45111,0,0,41,people tested,181184,180741,443,32234,20287,0,0,0,160,45,126476458,348,48,27,18,39002,,79,6,11,34,,13,85,1,
JPN,Asia,Japan,2021-03-12,444977,1263,1108,8515,58,46,3518,10,9,67,0,0,1,,,,,,,,,55562,8347300,66,0,46598,0,0,42,people tested,230542,227194,3348,49358,26296,0,0,0,208,45,126476458,348,48,27,18,39002,,79,6,11,34,,13,85,1,
JPN,Asia,Japan,2021-03-13,446312,1335,1240,8566,51,53,3529,11,10,68,0,0,1,,,,,,,,,31295,8378595,66,0,46632,0,0,38,people tested,,,,,27982,,,,221,43,126476458,348,48,27,18,39002,,79,6,11,34,,13,85,1,
JPN,Asia,Japan,2021-03-14,447287,975,1133,8587,21,47,3537,8,9,68,0,0,1,,,,,,,,,17266,8395861,66,0,47040,0,0,42,people tested,,,,,29668,,,,235,43,126476458,348,48,27,18,39002,,79,6,11,34,,13,85,1,
JPN,Asia,Japan,2021-03-15,448000,713,1146,8625,38,46,3542,6,9,68,0,0,1,,,,,,,,,49870,8445731,67,0,44462,0,0,39,people tested,290275,282398,7877,,31354,0,0,0,248,43,126476458,348,48,27,18,39002,,79,6,11,34,,13,85,1,
JPN,Asia,Japan,2021-03-16,449142,1142,1141,8682,57,46,3551,9,9,69,0,0,1,,,,,,,,,47776,8493507,67,0,45539,0,0,40,people tested,359191,349844,9347,68916,35948,0,0,0,284,43,126476458,348,48,27,18,39002,,79,6,11,34,,13,85,1,
JPN,Asia,Japan,2021-03-17,450687,1545,1182,8718,36,44,3563,12,9,69,0,0,1,,,,,,,,,84919,8578426,68,1,49077,0,0,42,people tested,437485,423196,14289,78294,41219,0,0,0,326,43,126476458,348,48,27,18,39002,,79,6,11,34,,13,85,1,
JPN,Asia,Japan,2021-03-18,452147,1460,1205,8750,32,42,3575,12,10,69,0,0,1,,,,,,,,,54899,8633325,68,0,48798,0,0,40,people tested,508702,490413,18289,71217,46788,0,0,0,370,43,126476458,348,48,27,18,39002,,79,6,11,34,,13,85,1,
JPN,Asia,Japan,2021-03-19,453616,1469,1234,8783,33,38,3587,12,10,69,0,0,1,,,,,,,,,71301,8704626,69,1,51047,0,0,41,people tested,578835,553454,25381,70133,49756,0,0,0,393,43,126476458,348,48,27,18,39002,,79,6,11,34,,13,85,1,
JPN,Asia,Japan,2021-03-20,455212,1596,1271,8802,19,34,3599,13,10,70,0,0,1,,,,,,,,,30658,8735284,69,0,50956,0,0,40,people tested,,,,,50429,,,,399,43,126476458,348,48,27,18,39002,,79,6,11,34,,13,85,1,
JPN,Asia,Japan,2021-03-21,456318,1106,1290,8821,19,33,3608,9,10,70,0,0,1,,,,,,,,,16997,8752281,69,0,50917,0,0,40,people tested,,,,,51102,,,,404,43,126476458,348,48,27,18,39002,,79,6,11,34,,13,85,1,
JPN,Asia,Japan,2021-03-22,457104,786,1301,8857,36,33,3614,6,10,70,0,0,1,,,,,,,,,51469,8803750,70,0,51146,0,0,39,people tested,652698,623569,29129,,51775,1,0,0,409,43,126476458,348,48,27,18,39002,,79,6,11,34,,13,85,1,
JPN,Asia,Japan,2021-03-23,458621,1517,1354,8908,51,32,3626,12,11,70,0,0,1,,,,,,,,,52715,8856465,70,0,51851,0,0,38,people tested,699126,667370,31756,46428,48562,1,1,0,384,43,126476458,348,48,27,18,39002,,79,6,11,34,,13,85,1,
JPN,Asia,Japan,2021-03-24,460595,1974,1415,8929,21,30,3642,16,11,71,0,0,1,,,,,,,,,59974,8916439,70,0,48288,0,0,34,people tested,741180,706101,35079,42054,43385,1,1,0,343,43,126476458,348,48,27,18,39002,,79,6,11,34,,13,85,1,
JPN,Asia,Japan,2021-03-25,462506,1911,1480,8956,27,29,3657,15,12,71,0,0,1,,,,,,,,,62645,8979084,71,0,49394,0,0,33,people tested,775122,737672,37450,33942,38060,1,1,0,301,43,126476458,348,48,27,18,39002,,79,6,11,34,,13,85,1,
JPN,Asia,Japan,2021-03-26,464483,1977,1552,8989,33,29,3672,16,12,71,0,0,1,,,,,,,,,67296,9046380,72,1,48822,0,0,31,people tested,822869,781665,41204,47747,34862,1,1,0,276,43,126476458,348,48,27,18,39002,,79,6,11,34,,13,85,1,
JPN,Asia,Japan,2021-03-27,466563,2080,1622,9021,32,31,3689,16,13,71,0,0,1,,,,,,,,,39591,9085971,72,0,50098,0,0,31,people tested,,,,,34573,,,,273,43,126476458,348,48,27,18,39002,,79,6,11,34,,13,85,1,
JPN,Asia,Japan,2021-03-28,468346,1783,1718,9050,29,33,3703,14,14,72,0,0,1,,,,,,,,,18887,9104858,72,0,50368,0,0,29,people tested,,,,,34284,,,,271,43,126476458,348,48,27,18,39002,,79,6,11,34,,13,85,1,
JPN,Asia,Japan,2021-03-29,469636,1290,1790,9079,29,32,3713,10,14,72,0,0,1,,,,,,,,,72179,9177037,73,1,53327,0,0,30,people tested,890662,825704,64958,,33995,1,1,0,269,43,126476458,348,48,27,18,39002,,79,6,11,34,,13,85,1,
JPN,Asia,Japan,2021-03-30,471777,2141,1879,9112,33,29,3730,17,15,72,0,0,1,,,,,,,,,41247,9218284,73,0,51688,0,0,28,people tested,949731,852946,96785,59069,35801,1,1,0,283,43,126476458,348,48,27,18,39002,,79,6,11,34,,13,85,1,
JPN,Asia,Japan,2021-03-31,474641,2864,2007,9155,43,32,3753,23,16,72,0,0,1,,,,,,,,,67435,9285719,73,1,52754,0,0,26,people tested,1002739,877159,125580,53008,37366,1,1,0,295,43,126476458,348,48,27,18,39002,,79,6,11,34,,13,85,1,5
JPN,Asia,Japan,2021-04-01,477239,2598,2105,9173,18,31,3773,21,17,73,0,0,1,,,,,,,,,65377,9351096,74,1,53145,0,0,25,people tested,1050112,893315,156797,47373,39284,1,1,0,311,43,126476458,348,48,27,18,39002,,79,6,11,34,,13,85,1,
JPN,Asia,Japan,2021-04-02,479953,2714,2210,9191,18,29,3795,21,17,73,0,0,1,,,,,,,,,61146,9412242,74,0,52266,0,0,24,people tested,1096698,913341,183357,46586,39118,1,1,0,309,43,126476458,348,48,27,18,39002,,79,6,11,34,,13,85,1,
JPN,Asia,Japan,2021-04-03,482704,2751,2306,9198,7,25,3817,22,18,73,0,0,1,,,,,,,,,41103,9453345,75,0,52482,0,0,23,people tested,,,,,40661,,,,321,43,126476458,348,48,27,18,39002,,79,6,11,34,,13,85,1,
JPN,Asia,Japan,2021-04-04,485226,2522,2411,9210,12,23,3836,20,19,73,0,0,1,,,,,,,,,17189,9470534,75,0,52239,0,0,22,people tested,,,,,42203,,,,334,43,126476458,348,48,27,18,39002,,79,6,11,34,,13,85,1,
JPN,Asia,Japan,2021-04-05,486792,1566,2451,9229,19,21,3849,12,19,73,0,0,1,,,,,,,,,60274,9530808,75,0,50539,0,0,21,people tested,1196884,956638,240246,,43746,1,1,0,346,43,126476458,348,48,27,18,39002,,79,6,11,34,,13,85,1,
JPN,Asia,Japan,2021-04-06,489407,2615,2519,9251,22,20,3870,21,20,73,0,0,1,,,,,,,,,53019,9583827,76,0,52220,0,0,21,people tested,1288566,996058,292508,91682,48405,1,1,0,383,43,126476458,348,48,27,18,39002,,79,6,11,34,,13,85,1,
JPN,Asia,Japan,2021-04-07,492860,3453,2603,9286,35,19,3897,27,21,73,0,0,1,,,,,,,,,58424,9642251,76,0,50933,0,0,20,people tested,1393108,1036429,356679,104542,55767,1,1,0,441,43,126476458,348,48,27,18,39002,,79,6,11,34,,13,85,1,
JPN,Asia,Japan,2021-04-08,496351,3491,2730,9311,25,20,3924,28,22,74,0,0,1,,,,,,,,,70959,9713210,77,1,51731,0,0,19,people tested,1487606,1066385,421221,94498,62499,1,1,0,494,43,126476458,348,48,27,18,39002,,79,6,11,34,,13,85,1,
JPN,Asia,Japan,2021-04-09,499831,3480,2840,9325,14,19,3952,28,22,74,0,0,1,,,,,,,,,67609,9780819,77,1,52654,0,0,18,people tested,1592517,1101698,490819,104911,70831,1,1,0,560,45,126476458,348,48,27,18,39002,,79,6,11,34,,13,85,1,
JPN,Asia,Japan,2021-04-10,503537,3706,2976,9352,27,22,3981,29,24,74,0,0,1,,,,,,,,,40924,9821743,78,0,52628,0,0,18,people tested,,,,,70865,,,,560,45,126476458,348,48,27,18,39002,,79,6,11,34,,13,85,1,
JPN,Asia,Japan,2021-04-11,506237,2700,3002,9369,17,23,4003,21,24,74,0,0,1,,,,,,,,,22466,9844209,78,0,53382,0,0,18,people tested,,,,,70899,,,,561,45,126476458,348,48,27,18,39002,,79,6,11,34,,13,85,1,
JPN,Asia,Japan,2021-04-12,508350,2113,3080,9393,24,23,4019,17,24,74,0,0,1,,,,,,,,,72260,9916469,78,1,55094,0,0,18,people tested,1693417,1132512,560905,,70933,1,1,0,561,45,126476458,348,48,27,18,39002,,79,6,11,34,,13,85,1,
JPN,Asia,Japan,2021-04-13,511799,3449,3199,9422,29,24,4047,27,25,74,0,0,1,,,,,,,,,65278,9981747,79,1,56846,0,0,18,people tested,1750913,1149918,600995,57496,66050,1,1,0,522,45,126476458,348,48,27,18,39002,,79,6,11,34,,13,85,1,
JPN,Asia,Japan,2021-04-14,517281,5482,3489,9471,49,26,4090,43,28,75,0,0,1,,,,,,,,,73092,10054839,80,1,58941,0,0,17,people tested,1805820,1163398,642422,54907,58959,1,1,1,466,45,126476458,348,48,27,18,39002,,79,6,11,34,,13,85,1,
JPN,Asia,Japan,2021-04-15,521796,4515,3635,9506,35,28,4126,36,29,75,0,0,1,,,,,,,,,82330,10137169,80,1,60566,0,0,17,people tested,1865153,1186748,678405,59333,53935,1,1,1,426,45,126476458,348,48,27,18,39002,,79,6,11,34,,13,85,1,
JPN,Asia,Japan,2021-04-16,526307,4511,3782,9552,46,32,4161,36,30,76,0,0,1,,,,,,,,,77966,10215135,81,1,62045,0,0,16,people tested,1941993,1223597,718396,76840,49925,2,1,1,395,45,126476458,348,48,27,18,39002,,79,6,11,34,,13,85,1,
JPN,Asia,Japan,2021-04-17,531109,4802,3939,9593,41,34,4199,38,31,76,0,0,1,,,,,,,,,50503,10265638,81,0,63414,1,0,16,people tested,1948287,1229891,718396,6294,46020,2,1,1,364,45,126476458,348,48,27,18,39002,,79,6,11,34,,13,85,1,
JPN,Asia,Japan,2021-04-18,535220,4111,4140,9610,17,34,4232,33,33,76,0,0,1,,,,,,,,,30571,10296209,81,0,64571,1,0,16,people tested,1955674,1237278,718396,7387,42270,2,1,1,334,45,126476458,348,48,27,18,39002,,79,6,11,34,,13,85,1,
JPN,Asia,Japan,2021-04-19,537494,2274,4163,9629,19,34,4250,18,33,76,0,0,1,,,,,,,,,86696,10382905,82,1,66634,1,0,16,people tested,2095868,1323165,772703,140194,57493,2,1,1,455,45,126476458,348,48,27,18,39002,,79,6,11,34,,13,85,1,
JPN,Asia,Japan,2021-04-20,542467,4973,4381,9682,53,37,4289,39,35,77,0,0,1,,,,,,,,,70951,10453856,83,1,67444,1,0,15,people tested,2254096,1453596,800500,158228,71883,2,1,1,568,45,126476458,348,48,27,18,39002,,79,6,11,34,,13,85,1,
JPN,Asia,Japan,2021-04-21,547836,5369,4365,9737,55,38,4332,42,35,77,0,0,1,,,,,,,,,96428,10550284,83,1,70778,1,0,16,people tested,2444509,1617313,827196,190413,91241,2,1,1,721,45,126476458,348,48,27,18,39002,,79,6,11,34,,13,85,1,
JPN,Asia,Japan,2021-04-22,553362,5526,4509,9778,41,39,4375,44,36,77,0,0,1,,,,,,,,,94257,10644541,84,1,72482,1,0,16,people tested,2630886,1781835,849051,186377,109390,2,1,1,865,45,126476458,348,48,27,18,39002,,79,6,11,34,,13,85,1,
JPN,Asia,Japan,2021-04-23,558376,5014,4581,9834,56,40,4415,40,36,78,0,0,1,,,,,,,,,91286,10735827,85,1,74385,1,0,16,people tested,2838761,1960027,878734,207875,128110,2,2,1,1013,45,126476458,348,48,27,18,39002,,79,6,11,34,,13,85,1,
JPN,Asia,Japan,2021-04-24,563998,5622,4698,9890,56,42,4459,44,37,78,0,0,1,,,,,,,,,58221,10794048,85,0,75487,1,0,16,people tested,2860546,1981812,878734,21785,130323,2,2,1,1030,45,126476458,348,48,27,18,39002,,79,6,11,34,,13,85,1,
JPN,Asia,Japan,2021-04-25,568621,4623,4772,9939,49,47,4496,37,38,79,0,0,1,,,,,,,,,35886,10829934,86,0,76246,1,0,16,people tested,2880149,2001415,878734,19603,132068,2,2,1,1044,49,126476458,348,48,27,18,39002,,79,6,11,34,,13,85,1,
JPN,Asia,Japan,2021-04-26,571904,3283,4916,9968,29,48,4522,26,39,79,0,0,1,,,,,,,,,83925,10913859,86,1,75851,1,0,15,people tested,3182031,2261646,920385,301882,155166,3,2,1,1227,49,126476458,348,48,27,18,39002,,79,6,11,34,,13,85,1,
JPN,Asia,Japan,2021-04-27,576870,4966,4915,10031,63,50,4561,39,39,79,0,0,1,,,,,,,,,81048,10994907,87,1,77293,1,0,16,people tested,3435958,2484468,951490,253927,168837,3,2,1,1335,49,126476458,348,48,27,18,39002,,79,6,11,34,,13,85,1,
JPN,Asia,Japan,2021-04-28,580666,3796,4690,10052,21,45,4591,30,37,79,0,0,1,,,,,,,,,68106,11063013,87,1,73247,1,0,16,people tested,3726080,2730322,995758,290122,183082,3,2,1,1448,49,126476458,348,48,27,18,39002,,79,6,11,34,,13,85,1,
JPN,Asia,Japan,2021-04-29,588580,7914,5031,10160,108,55,4654,63,40,80,1,0,1,,,,,,,,,91921,11154934,88,1,72913,1,0,14,people tested,3740730,2744972,995758,14650,158549,3,2,1,1254,49,126476458,348,48,27,18,39002,,79,6,11,34,,13,85,1,
JPN,Asia,Japan,2021-04-30,593264,4684,4984,10199,39,52,4691,37,39,81,0,0,1,,,,,,,,,64494,11219428,89,1,69086,1,0,14,people tested,4054130,3011132,1042998,313400,173624,3,2,1,1373,49,126476458,348,48,27,18,39002,,79,6,11,34,,13,85,1,9
JPN,Asia,Japan,2021-05-01,599253,5989,5036,10281,82,56,4738,47,40,81,1,0,1,,,,,,,,,68323,11287751,89,1,70529,1,0,14,people tested,4083408,3040410,1042998,29278,174695,3,2,1,1381,49,126476458,348,48,27,18,39002,,79,6,11,34,,13,85,1,
JPN,Asia,Japan,2021-05-02,605150,5897,5218,10342,61,58,4785,47,41,82,0,0,1,,,,,,,,,36217,11323968,90,0,70576,1,0,14,people tested,4105696,3062698,1042998,22288,175078,3,2,1,1384,49,126476458,348,48,27,18,39002,,79,6,11,34,,13,85,1,
JPN,Asia,Japan,2021-05-03,609625,4475,5389,10391,49,60,4820,35,43,82,0,0,1,,,,,,,,,44186,11368154,90,0,64899,1,0,12,people tested,4112756,3068972,1043784,7060,132961,3,2,1,1051,49,126476458,348,48,27,18,39002,,79,6,11,34,,13,85,1,
JPN,Asia,Japan,2021-05-04,613822,4197,5279,10441,50,59,4853,33,42,83,0,0,1,,,,,,,,,27746,11395900,90,0,57285,0,0,11,people tested,4120560,3076096,1044464,7804,97800,3,2,1,773,49,126476458,348,48,27,18,39002,,79,6,11,34,,13,85,1,
JPN,Asia,Japan,2021-05-05,617890,4068,5318,10501,60,64,4885,32,42,83,0,1,1,,,,,,,,,67085,11462985,91,1,57139,0,0,11,people tested,4130208,3084860,1045348,9648,57733,3,2,1,456,49,126476458,348,48,27,18,39002,,79,6,11,34,,13,85,1,
JPN,Asia,Japan,2021-05-06,622273,4383,4813,10566,65,58,4920,35,38,84,1,0,1,,,,,,,,,89586,11552571,91,1,56805,0,0,12,people tested,4503676,3389695,1113981,373468,108992,4,3,1,862,49,126476458,348,48,27,18,39002,,79,6,11,34,,13,85,1,
JPN,Asia,Japan,2021-05-07,628319,6046,5008,10712,146,73,4968,48,40,85,1,1,1,,,,,,,,,109758,11662329,92,1,63272,0,0,13,people tested,4684972,3521794,1163178,181296,90120,4,3,1,713,49,126476458,348,48,27,18,39002,,79,6,11,34,,13,85,1,
JPN,Asia,Japan,2021-05-08,635568,7249,5188,10796,84,74,5025,57,41,85,1,1,1,,,,,,,,,71001,11733330,93,1,63654,1,0,12,people tested,4743507,3574568,1168939,58535,94300,4,3,1,746,49,126476458,348,48,27,18,39002,,79,6,11,34,,13,85,1,
JPN,Asia,Japan,2021-05-09,642146,6578,5285,10860,64,74,5077,52,42,86,1,1,1,,,,,,,,,41338,11774668,93,0,64386,1,0,12,people tested,4819746,3644005,1175741,76239,102007,4,3,1,807,49,126476458,348,48,27,18,39002,,79,6,11,34,,13,85,1,
JPN,Asia,Japan,2021-05-10,647003,4857,5340,10931,71,77,5116,38,42,86,1,1,1,,,,,,,,,130677,11905345,94,1,76742,1,0,14,people tested,5148653,3888258,1260395,328907,147985,4,3,1,1170,49,126476458,348,48,27,18,39002,,79,6,11,34,,13,85,1,
JPN,Asia,Japan,2021-05-11,653363,6360,5649,11045,114,86,5166,50,45,87,1,1,1,,,,,,,,,97038,12002383,95,1,86640,1,0,15,people tested,5455508,4091175,1364333,306855,190707,4,3,1,1508,49,126476458,348,48,27,18,39002,,79,6,11,34,,13,85,1,
JPN,Asia,Japan,2021-05-12,660884,7521,6142,11148,103,92,5225,59,49,88,1,1,1,,,,,,,,,87073,12089456,96,1,89496,1,0,15,people tested,5809824,4316768,1493056,354316,239945,5,3,1,1897,49,126476458,348,48,27,18,39002,,79,6,11,34,,13,85,1,
JPN,Asia,Japan,2021-05-13,667251,6367,6425,11249,101,98,5276,50,51,89,1,1,1,,,,,,,,,122502,12211958,97,1,94198,1,0,15,people tested,6197591,4550311,1647280,387767,241988,5,4,1,1913,49,126476458,348,48,27,18,39002,,79,6,11,34,,13,85,1,
JPN,Asia,Japan,2021-05-14,673539,6288,6460,11330,81,88,5325,50,51,90,1,1,1,,,,,,,,,99676,12311634,97,1,92758,1,0,14,people tested,6580169,4766589,1813580,382578,270742,5,4,1,2141,49,126476458,348,48,27,18,39002,,79,6,11,34,,13,85,1,
JPN,Asia,Japan,2021-05-15,679870,6331,6329,11424,94,90,5375,50,50,90,1,1,1,,,,,,,,,66868,12378502,98,1,92167,1,0,15,people tested,6728664,4895680,1832984,148495,283594,5,4,1,2242,49,126476458,348,48,27,18,39002,,79,6,11,34,,13,85,1,
JPN,Asia,Japan,2021-05-16,685135,5265,6141,11471,47,87,5417,42,49,91,0,1,1,,,,,,,,,35948,12414450,98,0,91397,1,0,15,people tested,6928053,5077444,1850609,199389,301187,5,4,1,2381,49,126476458,348,48,27,18,39002,,79,6,11,34,,13,85,1,
JPN,Asia,Japan,2021-05-17,688873,3738,5981,11587,116,94,5447,30,47,92,1,1,1,,,,,,,,,95425,12509875,99,1,86361,1,0,14,people tested,7502840,5406100,2096740,574787,336312,6,4,2,2659,49,126476458,348,48,27,18,39002,,79,6,11,34,,13,85,1,
JPN,Asia,Japan,2021-05-18,694077,5204,5816,11803,216,108,5488,41,46,93,2,1,1,,,,,,,,,86352,12596227,100,1,84835,1,0,15,people tested,8025874,5733451,2292423,523034,367195,6,5,2,2903,49,126476458,348,48,27,18,39002,,79,6,11,34,,13,85,1,
JPN,Asia,Japan,2021-05-19,699931,5854,5578,11900,97,107,5534,46,44,94,1,1,1,,,,,,,,,149234,12745461,101,1,93715,1,0,17,people tested,8618762,6106870,2511892,592888,401277,7,5,2,3173,49,126476458,348,48,27,18,39002,,79,6,11,34,,13,85,1,
JPN,Asia,Japan,2021-05-20,705641,5710,5484,12006,106,108,5579,45,43,95,1,1,1,,,,,,,,,97287,12842748,102,1,90113,1,0,16,people tested,9121714,6484549,2637165,502952,417732,7,5,2,3303,49,126476458,348,48,27,18,39002,,79,6,11,34,,13,85,1,
JPN,Asia,Japan,2021-05-21,710895,5254,5337,12119,113,113,5621,42,42,96,1,1,1,,,,,,,,,117145,12959893,102,1,92608,1,0,17,people tested,9656613,6840080,2816533,534899,439492,8,5,2,3475,49,126476458,348,48,27,18,39002,,79,6,11,34,,13,85,1,
JPN,Asia,Japan,2021-05-22,715880,4985,5144,12203,84,111,5660,39,41,96,1,1,1,,,,,,,,,66583,13026476,103,1,92568,1,0,18,people tested,9956135,7111051,2845084,299522,461067,8,6,2,3645,49,126476458,348,48,27,18,39002,,79,6,11,34,,13,85,1,
JPN,Asia,Japan,2021-05-23,719925,4045,4970,12265,62,113,5692,32,39,97,0,1,1,,,,,,,,,35263,13061739,103,0,92470,1,0,19,people tested,10292590,7425872,2866718,336455,480648,8,6,2,3800,49,126476458,348,48,27,18,39002,,79,6,11,34,,13,85,1,
JPN,Asia,Japan,2021-05-24,722668,2743,4828,12351,86,109,5714,22,38,98,1,1,1,,,,,,,,,91616,13153355,104,1,91926,1,0,19,people tested,11050322,7982233,3068089,757732,506783,9,6,2,4007,49,126476458,348,48,27,18,39002,,79,6,11,34,,13,85,1,
JPN,Asia,Japan,2021-05-25,726586,3918,4644,12457,106,93,5745,31,37,98,1,1,1,,,,,,,,,70045,13223400,105,1,89596,1,0,19,people tested,11681212,8552881,3128331,630890,522191,9,7,2,4129,49,126476458,348,48,27,18,39002,,79,6,11,34,,13,85,1,
JPN,Asia,Japan,2021-05-26,731071,4485,4449,12573,116,96,5780,35,35,99,1,1,1,,,,,,,,,87089,13310489,105,1,80718,1,0,18,people tested,12373560,9186344,3187216,692348,536400,10,7,3,4241,49,126476458,348,48,27,18,39002,,79,6,11,34,,13,85,1,
JPN,Asia,Japan,2021-05-27,735234,4163,4228,12691,118,98,5813,33,33,100,1,1,1,,,,,,,,,116584,13427073,106,1,83475,1,0,20,people tested,13074738,9792874,3281864,701178,564718,10,8,3,4465,49,126476458,348,48,27,18,39002,,79,6,11,34,,13,85,1,
JPN,Asia,Japan,2021-05-28,738935,3701,4006,12786,95,95,5842,29,32,101,1,1,1,,,,,,,,,118523,13545596,107,1,83672,1,0,21,people tested,13767501,10377128,3390373,692763,587270,11,8,3,4643,49,126476458,348,48,27,18,39002,,79,6,11,34,,13,85,1,
JPN,Asia,Japan,2021-05-29,742539,3604,3808,12877,91,96,5871,28,30,102,1,1,1,,,,,,,,,57084,13602680,108,0,82315,1,0,22,people tested,14269025,10829804,3439221,501524,616127,11,9,3,4871,49,126476458,348,48,27,18,39002,,79,6,11,34,,13,85,1,
JPN,Asia,Japan,2021-05-30,745392,2853,3638,12926,49,94,5894,23,29,102,0,1,1,,,,,,,,,30097,13632777,108,0,81577,1,0,22,people tested,14779266,11279791,3499475,510241,640954,12,9,3,5068,49,126476458,348,48,27,18,39002,,79,6,11,34,,13,85,1,
JPN,Asia,Japan,2021-05-31,747188,1796,3503,13006,80,94,5908,14,28,103,1,1,1,,,,,,,,,83703,13716480,108,1,80446,1,0,23,people tested,15639208,11919336,3719872,859942,655555,12,9,3,5183,49,126476458,348,48,27,18,39002,,79,6,11,34,,13,85,1,
JPN,Asia,Japan,2021-06-01,749829,2641,3320,13107,101,93,5929,21,26,104,1,1,1,,,,,,,,,67394,13783874,109,1,80068,1,0,24,people tested,16477017,12570555,3906462,837809,685115,13,10,3,5417,49,126476458,348,48,27,18,39002,,79,6,11,34,,13,85,1,
JPN,Asia,Japan,2021-06-02,752865,3036,3113,13220,113,92,5953,24,25,105,1,1,1,,,,,,,,,76590,13860464,110,1,78568,1,0,25,people tested,17362963,13248464,4114499,885946,712772,14,10,3,5636,49,126476458,348,48,27,18,39002,,79,6,11,34,,13,85,1,
JPN,Asia,Japan,2021-06-03,755713,2848,2926,13331,111,91,5975,23,23,105,1,1,1,,,,,,,,,176379,14036843,111,1,87110,1,0,30,people tested,18237232,13920158,4317074,874269,737499,14,11,3,5831,49,126476458,348,48,27,18,39002,,79,6,11,34,,13,85,1,
JPN,Asia,Japan,2021-06-04,758290,2577,2765,13417,86,90,5996,20,22,106,1,1,1,,,,,,,,,98297,14135140,112,1,84221,1,0,30,people tested,19086911,14576021,4510890,849679,759916,15,12,4,6008,49,126476458,348,48,27,18,39002,,79,6,11,34,,13,85,1,
JPN,Asia,Japan,2021-06-05,760953,2663,2631,13481,64,86,6017,21,21,107,1,1,1,,,,,,,,,54184,14189324,112,0,83806,1,0,32,people tested,19780146,15154126,4626020,693235,787303,16,12,4,6225,49,126476458,348,48,27,18,39002,,79,6,11,34,,13,85,1,
JPN,Asia,Japan,2021-06-06,762980,2027,2513,13531,50,86,6033,16,20,107,0,1,1,,,,,,,,,26466,14215790,112,0,83288,1,0,33,people tested,20490248,15691795,4798453,710102,815855,16,12,4,6451,49,126476458,348,48,27,18,39002,,79,6,11,34,,13,85,1,
JPN,Asia,Japan,2021-06-07,764185,1205,2428,13606,75,86,6042,10,19,108,1,1,1,,,,,,,,,75134,14290924,113,1,82063,1,0,34,people tested,21495230,16399064,5096166,1004982,836575,17,13,4,6614,49,126476458,348,48,27,18,39002,,79,6,11,34,,13,85,1,
JPN,Asia,Japan,2021-06-08,766068,1883,2320,13705,99,85,6057,15,18,108,1,1,1,,,,,,,,,62141,14353065,113,0,81313,1,0,35,people tested,22502674,17118341,5384333,1007444,860808,18,14,4,6806,49,126476458,348,48,27,18,39002,,79,6,11,34,,13,85,1,
JPN,Asia,Japan,2021-06-09,768313,2245,2207,13801,96,83,6075,18,17,109,1,1,1,,,,,,,,,63215,14416280,114,0,79402,1,0,36,people tested,23550419,17819014,5731405,1047745,883922,19,14,5,6989,49,126476458,348,48,27,18,39002,,79,6,11,34,,13,85,1,
JPN,Asia,Japan,2021-06-10,770357,2044,2092,13872,71,77,6091,16,17,110,1,1,1,,,,,,,,,74713,14490993,115,1,64879,1,0,31,people tested,24565781,18490917,6074864,1015362,904078,19,15,5,7148,49,126476458,348,48,27,18,39002,,79,6,11,34,,13,85,1,
JPN,Asia,Japan,2021-06-11,772293,1936,2000,13936,64,74,6106,15,16,110,1,1,1,,,,,,,,,99850,14590843,115,1,65100,1,0,32,people tested,25557706,19163657,6394049,991925,924399,20,15,5,7309,49,126476458,348,48,27,18,39002,,79,6,11,34,,13,85,1,
JPN,Asia,Japan,2021-06-12,774240,1947,1898,13991,55,73,6122,15,15,111,0,1,1,,,,,,,,,51297,14642140,116,0,64688,1,0,34,people tested,26410671,19768030,6642641,852965,947218,21,16,5,7489,49,126476458,348,48,27,18,39002,,79,6,11,34,,13,85,1,
JPN,Asia,Japan,2021-06-13,775624,1384,1806,14023,32,70,6133,11,14,111,0,1,1,,,,,,,,,25059,14667199,116,0,64487,1,0,36,people tested,27263708,20323477,6940231,853037,967637,22,16,5,7651,49,126476458,348,48,27,18,39002,,79,6,11,34,,13,85,1,
JPN,Asia,Japan,2021-06-14,776565,941,1769,14083,60,68,6140,7,14,111,0,1,1,,,,,,,,,60314,14727513,116,0,62370,0,0,35,people tested,28363154,20941505,7421649,1099446,981132,22,17,6,7757,49,126476458,348,48,27,18,39002,,79,6,11,34,,13,85,1,
JPN,Asia,Japan,2021-06-15,777979,1414,1702,14150,67,64,6151,11,13,112,1,1,1,,,,,,,,,61213,14788726,117,0,62237,0,0,37,people tested,29448887,21544052,7904835,1085733,992316,23,17,6,7846,49,126476458,348,48,27,18,39002,,79,6,11,34,,13,85,1,
JPN,Asia,Japan,2021-06-16,779696,1717,1626,14230,80,61,6165,14,13,113,1,0,1,,,,,,,,,65986,14854712,117,1,62633,0,0,38,people tested,30573542,22133069,8440473,1124655,1003303,24,18,7,7933,49,126476458,348,48,27,18,39002,,79,6,11,34,,13,85,1,
JPN,Asia,Japan,2021-06-17,781241,1545,1555,14277,47,58,6177,12,12,113,0,0,1,,,,,,,,,70606,14925318,118,1,62046,0,0,40,people tested,31701916,22735222,8966694,1128374,1019448,25,18,7,8060,49,126476458,348,48,27,18,39002,,79,6,11,34,,13,85,1,
JPN,Asia,Japan,2021-06-18,782877,1636,1512,14325,48,56,6190,13,12,113,0,0,1,,,,,,,,,69009,14994327,119,1,57641,0,0,38,people tested,32767077,23306817,9460260,1065161,1029910,26,18,7,8143,49,126476458,348,48,27,18,39002,,79,6,11,34,,13,85,1,
JPN,Asia,Japan,2021-06-19,784384,1507,1449,14353,28,52,6202,12,11,113,0,0,1,,,,,,,,,43013,15037340,119,0,56457,0,0,39,people tested,33724507,23880938,9843569,957430,1044834,27,19,8,8261,49,126476458,348,48,27,18,39002,,79,6,11,34,,13,85,1,
JPN,Asia,Japan,2021-06-20,785702,1318,1440,14373,20,50,6212,10,11,114,0,0,1,,,,,,,,,31414,15068754,119,0,57365,0,0,40,people tested,34693478,24452602,10240876,968971,1061396,27,19,8,8392,49,126476458,348,48,27,18,39002,,79,6,11,34,,13,85,1,
JPN,Asia,Japan,2021-06-21,786566,864,1429,14408,35,46,6219,7,11,114,0,0,1,,,,,,,,,58844,15127598,120,0,57155,0,0,40,people tested,35829046,25047360,10781686,1135568,1066556,28,20,9,8433,53,126476458,348,48,27,18,39002,,79,6,11,34,,13,85,1,
JPN,Asia,Japan,2021-06-22,788009,1443,1433,14451,43,43,6230,11,11,114,0,0,1,,,,,,,,,52614,15180212,120,0,55927,0,0,39,people tested,36938734,25621169,11317565,1109688,1069978,29,20,9,8460,53,126476458,348,48,27,18,39002,,79,6,11,34,,13,85,1,
JPN,Asia,Japan,2021-06-23,789787,1778,1442,14509,58,40,6245,14,11,115,0,0,,,,,,,,,,62348,15242560,121,0,55407,0,0,38,people tested,38080806,26201057,11879749,1142072,1072466,30,21,9,8480,53,126476458,348,48,27,18,39002,,79,6,11,34,,13,85,1,
JPN,Asia,Japan,2021-06-24,791452,1665,1459,14551,42,39,6258,13,12,115,0,0,,,,,,,,,,60420,15302980,121,0,53952,0,0,37,people tested,39190201,26751600,12438601,1109395,1069755,31,21,10,8458,53,126476458,348,48,27,18,39002,,79,6,11,34,,13,85,1,
JPN,Asia,Japan,2021-06-25,793179,1727,1472,14582,31,37,6271,14,12,115,0,0,,,,,,,,,,89659,15392639,122,1,56902,0,0,39,people tested,40308603,27311769,12996834,1118402,1077361,32,22,10,8518,53,126476458,348,48,27,18,39002,,79,6,11,34,,13,85,1,
JPN,Asia,Japan,2021-06-26,794805,1626,1489,14611,29,37,6284,13,12,116,0,0,,,,,,,,,,43145,15435784,122,0,56921,0,0,38,people tested,41274746,27832162,13442584,966143,1078606,33,22,11,8528,53,126476458,348,48,27,18,39002,,79,6,11,34,,13,85,1,
JPN,Asia,Japan,2021-06-27,796077,1272,1482,14621,10,35,6294,10,12,116,0,0,,,,,,,,,,21138,15456922,122,0,55453,0,0,37,people tested,42210047,28366443,13843604,935301,1073796,33,22,11,8490,53,126476458,348,48,27,18,39002,,79,6,11,34,,13,85,1,
JPN,Asia,Japan,2021-06-28,797084,1007,1503,14659,38,36,6302,8,12,116,0,0,,,,,,,,,,62615,15519537,123,0,55991,0,0,37,people tested,43217658,28850057,14367601,1007611,1055516,34,23,11,8346,53,126476458,348,48,27,18,39002,,79,6,11,34,,13,85,1,
JPN,Asia,Japan,2021-06-29,798485,1401,1497,14689,30,34,6313,11,12,116,0,0,,,,,,,,,,,,,,,,,,,44151322,29285823,14865499,933664,1030370,35,23,12,8147,53,126476458,348,48,27,18,39002,,79,6,11,34,,13,85,1,
JPN,Asia,Japan,2021-06-30,800305,1820,1503,14730,41,32,6328,14,12,116,0,0,,,,,,,,,,,,,,,,,,,44910572,29645387,15265185,759250,975681,36,23,12,7714,,126476458,348,48,27,18,39002,,79,6,11,34,,13,85,1,
