countryterritoryCode,continentExp,countriesAndTerritories,dateRep,total_cases,cases,new_cases_smoothed,total_deaths,deaths,new_deaths_smoothed,total_cases_per_million,new_cases_per_million,new_cases_smoothed_per_million,total_deaths_per_million,new_deaths_per_million,new_deaths_smoothed_per_million,reproduction_rate,icu_patients,icu_patients_per_million,hosp_patients,hosp_patients_per_million,weekly_icu_admissions,weekly_icu_admissions_per_million,weekly_hosp_admissions,weekly_hosp_admissions_per_million,new_tests,total_tests,total_tests_per_thousand,new_tests_per_thousand,new_tests_smoothed,new_tests_smoothed_per_thousand,positive_rate,tests_per_case,tests_units,total_vaccinations,people_vaccinated,people_fully_vaccinated,new_vaccinations,new_vaccinations_smoothed,total_vaccinations_per_hundred,people_vaccinated_per_hundred,people_fully_vaccinated_per_hundred,new_vaccinations_smoothed_per_million,stringency_index,popData2019,population_density,median_age,aged_65_older,aged_70_older,gdp_per_capita,extreme_poverty,cardiovasc_death_rate,diabetes_prevalence,female_smokers,male_smokers,handwashing_facilities,hospital_beds_per_thousand,life_expectancy,human_development_index,excess_mortality
KOR,Asia,South Korea,2021-01-01,62593,824,956,942,25,21,1221,16,19,18,0,0,1,,,,,,,,,48849,4092391,80,1,44260,1,0,46,people tested,,,,,,,,,,66,51269183,528,43,14,9,35938,0,86,7,6,41,,12,83,1,
KOR,Asia,South Korea,2021-01-02,63244,651,910,962,20,22,1234,13,18,19,0,0,1,,,,,,,,,31021,4123412,80,1,44430,1,0,49,people tested,,,,,,,,,,68,51269183,528,43,14,9,35938,0,86,7,6,41,,12,83,1,
KOR,Asia,South Korea,2021-01-03,64264,1020,941,981,19,23,1253,20,18,19,0,0,1,,,,,,,,,30954,4154366,81,1,44990,1,0,48,people tested,,,,,,,,,,68,51269183,528,43,14,9,35938,0,86,7,6,41,,12,83,1,4
KOR,Asia,South Korea,2021-01-04,64979,715,893,1007,26,21,1267,14,17,20,1,0,1,,,,,,,,,31510,4185876,82,1,45350,1,0,51,people tested,,,,,,,,,,68,51269183,528,43,14,9,35938,0,86,7,6,41,,12,83,1,
KOR,Asia,South Korea,2021-01-05,65818,839,864,1027,20,21,1284,16,17,20,0,0,1,,,,,,,,,59734,4245610,83,1,45484,1,0,53,people tested,,,,,,,,,,68,51269183,528,43,14,9,35938,0,86,7,6,41,,12,83,1,
KOR,Asia,South Korea,2021-01-06,66686,868,849,1046,19,21,1301,17,17,20,0,0,1,,,,,,,,,67176,4312786,84,1,46434,1,0,55,people tested,,,,,,,,,,68,51269183,528,43,14,9,35938,0,86,7,6,41,,12,83,1,
KOR,Asia,South Korea,2021-01-07,67358,672,798,1081,35,23,1314,13,16,21,1,0,1,,,,,,,,,65261,4378047,85,1,47786,1,0,60,people tested,,,,,,,,,,64,51269183,528,43,14,9,35938,0,86,7,6,41,,12,83,1,
KOR,Asia,South Korea,2021-01-08,67999,641,772,1100,19,23,1326,13,15,21,0,0,1,,,,,,,,,61505,4439552,87,1,49594,1,0,64,people tested,,,,,,,,,,64,51269183,528,43,14,9,35938,0,86,7,6,41,,12,83,1,
KOR,Asia,South Korea,2021-01-09,68664,665,774,1125,25,23,1339,13,15,22,0,0,1,,,,,,,,,64141,4503693,88,1,54326,1,0,70,people tested,,,,,,,,,,64,51269183,528,43,14,9,35938,0,86,7,6,41,,12,83,1,
KOR,Asia,South Korea,2021-01-10,69114,450,693,1140,15,23,1348,9,14,22,0,0,1,,,,,,,,,28317,4532010,88,1,53949,1,0,78,people tested,,,,,,,,,,64,51269183,528,43,14,9,35938,0,86,7,6,41,,12,83,1,1
KOR,Asia,South Korea,2021-01-11,69651,537,667,1165,25,23,1359,10,13,23,0,0,1,,,,,,,,,29912,4561922,89,1,53721,1,0,80,people tested,,,,,,,,,,64,51269183,528,43,14,9,35938,0,86,7,6,41,,12,83,1,
KOR,Asia,South Korea,2021-01-12,70212,561,628,1185,20,23,1369,11,12,23,0,0,1,,,,,,,,,65393,4627315,90,1,54529,1,0,87,people tested,,,,,,,,,,64,51269183,528,43,14,9,35938,0,86,7,6,41,,12,83,1,
KOR,Asia,South Korea,2021-01-13,70728,516,577,1195,10,21,1380,10,11,23,0,0,1,,,,,,,,,62083,4689398,91,1,53802,1,0,93,people tested,,,,,,,,,,64,51269183,528,43,14,9,35938,0,86,7,6,41,,12,83,1,
KOR,Asia,South Korea,2021-01-14,71241,513,555,1217,22,19,1390,10,11,24,0,0,1,,,,,,,,,66219,4755617,93,1,53939,1,0,97,people tested,,,,,,,,,,64,51269183,528,43,14,9,35938,0,86,7,6,41,,12,83,1,
KOR,Asia,South Korea,2021-01-15,71820,579,546,1236,19,19,1401,11,11,24,0,0,1,,,,,,,,,60135,4815752,94,1,53743,1,0,98,people tested,,,,,,,,,,64,51269183,528,43,14,9,35938,0,86,7,6,41,,12,83,1,
KOR,Asia,South Korea,2021-01-16,72340,520,525,1249,13,18,1411,10,10,24,0,0,1,,,,,,,,,60879,4876631,95,1,53277,1,0,102,people tested,,,,,,,,,,64,51269183,528,43,14,9,35938,0,86,7,6,41,,12,83,1,
KOR,Asia,South Korea,2021-01-17,72729,389,516,1264,15,18,1419,8,10,25,0,0,1,,,,,,,,,25274,4901905,96,0,52842,1,0,102,people tested,,,,,,,,,,64,51269183,528,43,14,9,35938,0,86,7,6,41,,12,83,1,3
KOR,Asia,South Korea,2021-01-18,73115,386,495,1283,19,17,1426,8,10,25,0,0,1,,,,,,,,,27280,4929185,96,1,52466,1,0,106,people tested,,,,,,,,,,64,51269183,528,43,14,9,35938,0,86,7,6,41,,12,83,1,
KOR,Asia,South Korea,2021-01-19,73518,403,472,1300,17,16,1434,8,9,25,0,0,1,,,,,,,,,56796,4985981,97,1,51238,1,0,108,people tested,,,,,,,,,,64,51269183,528,43,14,9,35938,0,86,7,6,41,,12,83,1,
KOR,Asia,South Korea,2021-01-20,73918,400,456,1316,16,17,1442,8,9,26,0,0,1,,,,,,,,,58007,5043988,98,1,50656,1,0,111,people tested,,,,,,,,,,64,51269183,528,43,14,9,35938,0,86,7,6,41,,12,83,1,
KOR,Asia,South Korea,2021-01-21,74262,344,432,1328,12,16,1448,7,8,26,0,0,1,,,,,,,,,52550,5096538,99,1,48703,1,0,113,people tested,,,,,,,,,,64,51269183,528,43,14,9,35938,0,86,7,6,41,,12,83,1,
KOR,Asia,South Korea,2021-01-22,74692,430,410,1337,9,14,1457,8,8,26,0,0,1,,,,,,,,,52554,5149092,100,1,47620,1,0,116,people tested,,,,,,,,,,64,51269183,528,43,14,9,35938,0,86,7,6,41,,12,83,1,
KOR,Asia,South Korea,2021-01-23,75084,392,392,1349,12,14,1465,8,8,26,0,0,1,,,,,,,,,43986,5193078,101,1,45207,1,0,115,people tested,,,,,,,,,,64,51269183,528,43,14,9,35938,0,86,7,6,41,,12,83,1,
KOR,Asia,South Korea,2021-01-24,75521,437,399,1360,11,14,1473,9,8,27,0,0,1,,,,,,,,,25506,5218584,102,0,45240,1,0,113,people tested,,,,,,,,,,64,51269183,528,43,14,9,35938,0,86,7,6,41,,12,83,1,1
KOR,Asia,South Korea,2021-01-25,75875,354,394,1371,11,13,1480,7,8,27,0,0,1,,,,,,,,,22953,5241537,102,0,44622,1,0,113,people tested,,,,,,,,,,64,51269183,528,43,14,9,35938,0,86,7,6,41,,12,83,1,
KOR,Asia,South Korea,2021-01-26,76429,554,416,1378,7,11,1491,11,8,27,0,0,1,,,,,,,,,42607,5284144,103,1,42595,1,0,102,people tested,,,,,,,,,,64,51269183,528,43,14,9,35938,0,86,7,6,41,,12,83,1,
KOR,Asia,South Korea,2021-01-27,76926,497,430,1386,8,10,1500,10,8,27,0,0,1,,,,,,,,,46676,5330820,104,1,40976,1,0,95,people tested,,,,,,,,,,64,51269183,528,43,14,9,35938,0,86,7,6,41,,12,83,1,
KOR,Asia,South Korea,2021-01-28,77395,469,448,1399,13,10,1510,9,9,27,0,0,1,,,,,,,,,51945,5382765,105,1,40890,1,0,91,people tested,,,,,,,,,,64,51269183,528,43,14,9,35938,0,86,7,6,41,,12,83,1,
KOR,Asia,South Korea,2021-01-29,77850,455,451,1414,15,11,1518,9,9,28,0,0,1,,,,,,,,,43746,5426511,106,1,39631,1,0,88,people tested,,,,,,,,,,64,51269183,528,43,14,9,35938,0,86,7,6,41,,12,83,1,
KOR,Asia,South Korea,2021-01-30,78205,355,446,1420,6,10,1525,7,9,28,0,0,1,,,,,,,,,44224,5470735,107,1,39665,1,0,89,people tested,,,,,,,,,,64,51269183,528,43,14,9,35938,0,86,7,6,41,,12,83,1,
KOR,Asia,South Korea,2021-01-31,78508,303,427,1425,5,9,1531,6,8,28,0,0,1,,,,,,,,,20535,5491270,107,0,38955,1,0,91,people tested,,,,,,,,,,64,51269183,528,43,14,9,35938,0,86,7,6,41,,12,83,1,-4
KOR,Asia,South Korea,2021-02-01,78844,336,424,1435,10,9,1538,7,8,28,0,0,1,,,,,,,,,21116,5512386,108,0,38693,1,0,91,people tested,,,,,,,,,,64,51269183,528,43,14,9,35938,0,86,7,6,41,,12,83,1,
KOR,Asia,South Korea,2021-02-02,79311,467,412,1441,6,9,1547,9,8,28,0,0,1,,,,,,,,,44762,5557148,108,1,39001,1,0,95,people tested,,,,,,,,,,64,51269183,528,43,14,9,35938,0,86,7,6,41,,12,83,1,
KOR,Asia,South Korea,2021-02-03,79762,451,405,1448,7,9,1556,9,8,28,0,0,1,,,,,,,,,60717,5617865,110,1,41006,1,0,101,people tested,,,,,,,,,,64,51269183,528,43,14,9,35938,0,86,7,6,41,,12,83,1,
KOR,Asia,South Korea,2021-02-04,80131,369,391,1459,11,9,1563,7,8,28,0,0,1,,,,,,,,,64692,5682557,111,1,42827,1,0,110,people tested,,,,,,,,,,64,51269183,528,43,14,9,35938,0,86,7,6,41,,12,83,1,
KOR,Asia,South Korea,2021-02-05,80524,393,382,1464,5,7,1571,8,7,29,0,0,1,,,,,,,,,57164,5739721,112,1,44744,1,0,117,people tested,,,,,,,,,,64,51269183,528,43,14,9,35938,0,86,7,6,41,,12,83,1,
KOR,Asia,South Korea,2021-02-06,80896,372,384,1471,7,7,1578,7,7,29,0,0,1,,,,,,,,,,,,,43838,1,0,114,people tested,,,,,,,,,,64,51269183,528,43,14,9,35938,0,86,7,6,41,,12,83,1,
KOR,Asia,South Korea,2021-02-07,81185,289,382,1474,3,7,1584,6,7,29,0,0,1,,,,,,,,,,,,,46315,1,0,121,people tested,,,,,,,,,,64,51269183,528,43,14,9,35938,0,86,7,6,41,,12,83,1,0
KOR,Asia,South Korea,2021-02-08,81487,302,378,1482,8,7,1589,6,7,29,0,0,1,,,,,,,,,,5853354,114,,48710,1,0,129,people tested,,,,,,,,,,64,51269183,528,43,14,9,35938,0,86,7,6,41,,12,83,1,
KOR,Asia,South Korea,2021-02-09,81930,443,374,1486,4,6,1598,9,7,29,0,0,1,,,,,,,,,,,,,48746,1,0,130,people tested,,,,,,,,,,64,51269183,528,43,14,9,35938,0,86,7,6,41,,12,83,1,
KOR,Asia,South Korea,2021-02-10,82434,504,382,1496,10,7,1608,10,7,29,0,0,1,,,,,,,,,,,,,46502,1,0,122,people tested,,,,,,,,,,64,51269183,528,43,14,9,35938,0,86,7,6,41,,12,83,1,
KOR,Asia,South Korea,2021-02-11,82837,403,387,1507,11,7,1616,8,8,29,0,0,1,,,,,,,,,,5988394,117,,43691,1,0,113,people tested,,,,,,,,,,64,51269183,528,43,14,9,35938,0,86,7,6,41,,12,83,1,
KOR,Asia,South Korea,2021-02-12,83199,362,382,1514,7,7,1623,7,7,30,0,0,1,,,,,,,,,24114,6012508,117,0,38970,1,0,102,people tested,,,,,,,,,,64,51269183,528,43,14,9,35938,0,86,7,6,41,,12,83,1,
KOR,Asia,South Korea,2021-02-13,83525,326,376,1522,8,7,1629,6,7,30,0,0,1,,,,,,,,,,,,,37085,1,0,99,people tested,,,,,,,,,,64,51269183,528,43,14,9,35938,0,86,7,6,41,,12,83,1,
KOR,Asia,South Korea,2021-02-14,83869,344,383,1527,5,8,1636,7,7,30,0,0,1,,,,,,,,,,6061886,118,,35201,1,0,92,people tested,,,,,,,,,,64,51269183,528,43,14,9,35938,0,86,7,6,41,,12,83,1,-2
KOR,Asia,South Korea,2021-02-15,84325,456,405,1534,7,7,1645,9,8,30,0,0,1,,,,,,,,,20828,6082714,119,0,32766,1,0,81,people tested,,,,,,,,,,64,51269183,528,43,14,9,35938,0,86,7,6,41,,12,83,1,
KOR,Asia,South Korea,2021-02-16,84946,621,431,1538,4,7,1657,12,8,30,0,0,1,,,,,,,,,53879,6136593,120,1,34032,1,0,79,people tested,,,,,,,,,,64,51269183,528,43,14,9,35938,0,86,7,6,41,,12,83,1,
KOR,Asia,South Korea,2021-02-17,85567,621,448,1544,6,7,1669,12,9,30,0,0,1,,,,,,,,,51564,6188157,121,1,34968,1,0,78,people tested,,,,,,,,,,64,51269183,528,43,14,9,35938,0,86,7,6,41,,12,83,1,
KOR,Asia,South Korea,2021-02-18,86128,561,470,1550,6,6,1680,11,9,30,0,0,1,,,,,,,,,44337,6232494,122,1,34871,1,0,74,people tested,,,,,,,,,,64,51269183,528,43,14,9,35938,0,86,7,6,41,,12,83,1,
KOR,Asia,South Korea,2021-02-19,86574,446,482,1553,3,6,1689,9,9,30,0,0,1,,,,,,,,,42382,6274876,122,1,37481,1,0,78,people tested,,,,,,,,,,64,51269183,528,43,14,9,35938,0,86,7,6,41,,12,83,1,
KOR,Asia,South Korea,2021-02-20,86992,418,495,1557,4,5,1697,8,10,30,0,0,1,,,,,,,,,39618,6314494,123,1,39614,1,0,80,people tested,,,,,,,,,,64,51269183,528,43,14,9,35938,0,86,7,6,41,,12,83,1,
KOR,Asia,South Korea,2021-02-21,87324,332,494,1562,5,5,1703,6,10,30,0,0,1,,,,,,,,,23490,6337984,124,0,39443,1,0,80,people tested,,,,,,,,,,64,51269183,528,43,14,9,35938,0,86,7,6,41,,12,83,1,3
KOR,Asia,South Korea,2021-02-22,87681,357,479,1573,11,6,1710,7,9,31,0,0,1,,,,,,,,,18699,6356683,124,0,39138,1,0,82,people tested,,,,,,,,,,64,51269183,528,43,14,9,35938,0,86,7,6,41,,12,83,1,
KOR,Asia,South Korea,2021-02-23,88120,439,453,1576,3,5,1719,9,9,31,0,0,1,,,,,,,,,41931,6398614,125,1,37432,1,0,83,people tested,,,,,,,,,,64,51269183,528,43,14,9,35938,0,86,7,6,41,,12,83,1,
KOR,Asia,South Korea,2021-02-24,88516,396,421,1581,5,5,1726,8,8,31,0,0,1,,,,,,,,,37386,6436000,126,1,35406,1,0,84,people tested,,,,,,,,,,64,51269183,528,43,14,9,35938,0,86,7,6,41,,12,83,1,
KOR,Asia,South Korea,2021-02-25,88922,406,399,1585,4,5,1734,8,8,31,0,0,1,,,,,,,,,46542,6482542,126,1,35721,1,0,90,people tested,0,0,,,,0,0,,,64,51269183,528,43,14,9,35938,0,86,7,6,41,,12,83,1,
KOR,Asia,South Korea,2021-02-26,89321,399,392,1595,10,6,1742,8,8,31,0,0,1,,,,,,,,,38582,6521124,127,1,35178,1,0,90,people tested,18489,18489,,18489,18489,0,0,,361,64,51269183,528,43,14,9,35938,0,86,7,6,41,,12,83,1,
KOR,Asia,South Korea,2021-02-27,89676,355,383,1603,8,7,1749,7,7,31,0,0,1,,,,,,,,,37102,6558226,128,1,34819,1,0,91,people tested,20322,20322,,1833,10161,0,0,,198,64,51269183,528,43,14,9,35938,0,86,7,6,41,,12,83,1,
KOR,Asia,South Korea,2021-02-28,90031,355,387,1605,2,6,1756,7,8,31,0,0,1,,,,,,,,,17891,6576117,128,0,34019,1,0,88,people tested,21177,21177,,855,7059,0,0,,138,64,51269183,528,43,14,9,35938,0,86,7,6,41,,12,83,1,-1
KOR,Asia,South Korea,2021-03-01,90372,341,384,1606,1,5,1763,7,7,31,0,0,1,,,,,,,,,15893,6592010,129,0,33618,1,0,87,people tested,,,,,13576,,,,265,58,51269183,528,43,14,9,35938,0,86,7,6,41,,12,83,1,
KOR,Asia,South Korea,2021-03-02,90816,444,385,1612,6,5,1771,9,8,31,0,0,1,,,,,,,,,16534,6608544,129,0,29990,1,0,78,people tested,87428,87428,,,17486,0,0,,341,58,51269183,528,43,14,9,35938,0,86,7,6,41,,12,83,1,
KOR,Asia,South Korea,2021-03-03,91240,424,389,1619,7,5,1780,8,8,32,0,0,1,,,,,,,,,41792,6650336,130,1,30619,1,0,79,people tested,154421,154421,,66993,25737,0,0,,502,58,51269183,528,43,14,9,35938,0,86,7,6,41,,12,83,1,
KOR,Asia,South Korea,2021-03-04,91638,398,388,1627,8,6,1787,8,8,32,0,0,1,,,,,,,,,41475,6691811,131,1,29896,1,0,77,people tested,225853,225853,,71432,32265,0,0,,629,58,51269183,528,43,14,9,35938,0,86,7,6,41,,12,83,1,
KOR,Asia,South Korea,2021-03-05,92055,417,391,1632,5,5,1796,8,8,32,0,0,1,,,,,,,,,33493,6725304,131,1,29169,1,0,75,people tested,296380,296380,,70527,39699,1,1,,774,58,51269183,528,43,14,9,35938,0,86,7,6,41,,12,83,1,
KOR,Asia,South Korea,2021-03-06,92471,416,399,1634,2,4,1804,8,8,32,0,0,1,,,,,,,,,31468,6756772,132,1,28364,1,0,71,people tested,314656,314656,,18276,42048,1,1,,820,58,51269183,528,43,14,9,35938,0,86,7,6,41,,12,83,1,
KOR,Asia,South Korea,2021-03-07,92817,346,398,1642,8,5,1810,7,8,32,0,0,1,,,,,,,,,19958,6776730,132,0,28659,1,0,72,people tested,316865,316865,,2209,42241,1,1,,824,58,51269183,528,43,14,9,35938,0,86,7,6,41,,12,83,1,0
KOR,Asia,South Korea,2021-03-08,93263,446,413,1645,3,6,1819,9,8,32,0,0,1,,,,,,,,,17685,6794415,133,0,28915,1,0,70,people tested,383346,383346,,66481,47006,1,1,,917,58,51269183,528,43,14,9,35938,0,86,7,6,41,,12,83,1,
KOR,Asia,South Korea,2021-03-09,93733,470,417,1648,3,5,1828,9,8,32,0,0,1,,,,,,,,,,,,,31893,1,0,76,people tested,446941,446941,,63595,51359,1,1,,1002,58,51269183,528,43,14,9,35938,0,86,7,6,41,,12,83,1,
KOR,Asia,South Korea,2021-03-10,94198,465,423,1652,4,5,1837,9,8,32,0,0,1,,,,,,,,,,,,,31262,1,0,74,people tested,500635,500635,,53694,49459,1,1,,965,58,51269183,528,43,14,9,35938,0,86,7,6,41,,12,83,1,
KOR,Asia,South Korea,2021-03-11,94686,488,435,1662,10,5,1847,10,8,32,0,0,1,,,,,,,,,,,,,30677,1,0,70,people tested,546277,546277,,45642,45775,1,1,,893,58,51269183,528,43,14,9,35938,0,86,7,6,41,,12,83,1,
KOR,Asia,South Korea,2021-03-12,95176,490,446,1667,5,5,1856,10,9,33,0,0,1,,,,,,,,,,6943926,135,,31232,1,0,70,people tested,583658,583658,,37381,41040,1,1,,800,58,51269183,528,43,14,9,35938,0,86,7,6,41,,12,83,1,
KOR,Asia,South Korea,2021-03-13,95635,459,452,1669,2,5,1865,9,9,33,0,0,1,,,,,,,,,,,,,30042,1,0,66,people tested,587884,587884,,4226,39033,1,1,,761,58,51269183,528,43,14,9,35938,0,86,7,6,41,,12,83,1,
KOR,Asia,South Korea,2021-03-14,96017,382,457,1675,6,5,1873,7,9,33,0,0,1,,,,,,,,,,,,,30497,1,0,67,people tested,588958,588958,,1074,38870,1,1,,758,58,51269183,528,43,14,9,35938,0,86,7,6,41,,12,83,1,4
KOR,Asia,South Korea,2021-03-15,96380,363,445,1678,3,5,1880,7,9,33,0,0,1,,,,,,,,,,7013350,137,,31276,1,0,70,people tested,602150,602150,,13192,31258,1,1,,610,58,51269183,528,43,14,9,35938,0,86,7,6,41,,12,83,1,
KOR,Asia,South Korea,2021-03-16,96849,469,445,1686,8,5,1889,9,9,33,0,0,1,,,,,,,,,,,,,31767,1,0,71,people tested,621734,621734,,19584,24970,1,1,,487,58,51269183,528,43,14,9,35938,0,86,7,6,41,,12,83,1,
KOR,Asia,South Korea,2021-03-17,97294,445,442,1688,2,5,1898,9,9,33,0,0,1,,,,,,,,,,,,,32258,1,0,73,people tested,641331,641331,,19597,20099,1,1,,392,58,51269183,528,43,14,9,35938,0,86,7,6,41,,12,83,1,
KOR,Asia,South Korea,2021-03-18,97757,463,439,1690,2,4,1907,9,9,33,0,0,1,,,,,,,,,,,,,32748,1,0,75,people tested,659475,659475,,18144,16171,1,1,,315,58,51269183,528,43,14,9,35938,0,86,7,6,41,,12,83,1,
KOR,Asia,South Korea,2021-03-19,98209,452,433,1693,3,4,1916,9,8,33,0,0,1,,,,,,,,,,7176600,140,,33239,1,0,77,people tested,675426,675426,,15951,13110,1,1,,256,58,51269183,528,43,14,9,35938,0,86,7,6,41,,12,83,1,
KOR,Asia,South Korea,2021-03-20,98665,456,433,1696,3,4,1924,9,8,33,0,0,1,,,,,,,,,,,,,33563,1,0,78,people tested,676900,676587,313,1474,12717,1,1,0,248,58,51269183,528,43,14,9,35938,0,86,7,6,41,,12,83,1,
KOR,Asia,South Korea,2021-03-21,99075,410,437,1697,1,3,1932,8,9,33,0,0,1,,,,,,,,,,,,,33888,1,0,78,people tested,677200,676607,593,300,12606,1,1,0,246,58,51269183,528,43,14,9,35938,0,86,7,6,41,,12,83,1,4
KOR,Asia,South Korea,2021-03-22,99421,346,434,1704,7,4,1939,7,8,33,0,0,1,,,,,,,,,,7252832,141,,34212,1,0,79,people tested,681443,680560,883,4243,11328,1,1,0,221,58,51269183,528,43,14,9,35938,0,86,7,6,41,,12,83,1,
KOR,Asia,South Korea,2021-03-23,99846,425,428,1707,3,3,1947,8,8,33,0,0,1,,,,,,,,,47986,7300818,142,1,35236,1,0,82,people tested,705110,703612,1498,23667,11911,1,1,0,232,58,51269183,528,43,14,9,35938,0,86,7,6,41,,12,83,1,
KOR,Asia,South Korea,2021-03-24,100276,430,426,1709,2,3,1956,8,8,33,0,0,1,,,,,,,,,,,,,36410,1,0,86,people tested,735815,733124,2691,30705,13498,1,1,0,263,58,51269183,528,43,14,9,35938,0,86,7,6,41,,12,83,1,
KOR,Asia,South Korea,2021-03-25,100770,494,430,1716,7,4,1966,10,8,33,0,0,1,,,,,,,,,,7398876,144,,37584,1,0,87,people tested,771284,767451,3833,35469,15973,2,2,0,312,58,51269183,528,43,14,9,35938,0,86,7,6,41,,12,83,1,
KOR,Asia,South Korea,2021-03-26,101275,505,438,1721,5,4,1975,10,9,34,0,0,1,,,,,,,,,53118,7451994,145,1,39342,1,0,90,people tested,797506,792274,5232,26222,17440,2,2,0,340,58,51269183,528,43,14,9,35938,0,86,7,6,41,,12,83,1,
KOR,Asia,South Korea,2021-03-27,101757,482,442,1722,1,4,1985,9,9,34,0,0,1,,,,,,,,,45400,7497394,146,1,42198,1,0,96,people tested,799090,793858,5232,1584,17456,2,2,0,340,58,51269183,528,43,14,9,35938,0,86,7,6,41,,12,83,1,
KOR,Asia,South Korea,2021-03-28,102141,384,438,1726,4,4,1992,7,9,34,0,0,1,,,,,,,,,19597,7516991,147,0,41367,1,0,94,people tested,799198,793966,5232,108,17428,2,2,0,340,58,51269183,528,43,14,9,35938,0,86,7,6,41,,12,83,1,4
KOR,Asia,South Korea,2021-03-29,102582,441,452,1729,3,4,2001,9,9,34,0,0,1,,,,,,,,,20402,7537393,147,0,40652,1,0,90,people tested,828599,822448,6151,29401,21022,2,2,0,410,58,51269183,528,43,14,9,35938,0,86,7,6,41,,12,83,1,
KOR,Asia,South Korea,2021-03-30,103088,506,463,1731,2,3,2011,10,9,34,0,0,1,,,,,,,,,48182,7585575,148,1,40680,1,0,88,people tested,860387,852202,8185,31788,22182,2,2,0,433,58,51269183,528,43,14,9,35938,0,86,7,6,41,,12,83,1,
KOR,Asia,South Korea,2021-03-31,103639,551,480,1735,4,4,2021,11,9,34,0,0,1,,,,,,,,,50923,7636498,149,1,40950,1,0,85,people tested,889546,876573,12973,29159,21962,2,2,0,428,58,51269183,528,43,14,9,35938,0,86,7,6,41,,12,83,1,
KOR,Asia,South Korea,2021-04-01,104194,555,489,1737,2,3,2032,11,10,34,0,0,1,,,,,,,,,42146,7678644,150,1,39967,1,0,82,people tested,933924,914069,19855,44378,23234,2,2,0,453,58,51269183,528,43,14,9,35938,0,86,7,6,41,,12,83,1,
KOR,Asia,South Korea,2021-04-02,104736,542,494,1740,3,3,2043,11,10,34,0,0,1,,,,,,,,,38899,7717543,151,1,37936,1,0,77,people tested,979936,953556,26380,46012,26061,2,2,0,508,58,51269183,528,43,14,9,35938,0,86,7,6,41,,12,83,1,
KOR,Asia,South Korea,2021-04-03,105279,543,503,1744,4,3,2053,11,10,34,0,0,1,,,,,,,,,36770,7754313,151,1,36703,1,0,73,people tested,989381,962083,27298,9445,27184,2,2,0,530,58,51269183,528,43,14,9,35938,0,86,7,6,41,,12,83,1,
KOR,Asia,South Korea,2021-04-04,105752,473,516,1748,4,3,2063,9,10,34,0,0,1,,,,,,,,,15364,7769677,152,0,36098,1,0,70,people tested,990094,962730,27364,713,27271,2,2,0,532,58,51269183,528,43,14,9,35938,0,86,7,6,41,,12,83,1,4
KOR,Asia,South Korea,2021-04-05,106230,478,521,1752,4,3,2072,9,10,34,0,0,1,,,,,,,,,18646,7788323,152,0,35847,1,0,69,people tested,1027561,999870,27691,37467,28423,2,2,0,554,58,51269183,528,43,14,9,35938,0,86,7,6,41,,12,83,1,
KOR,Asia,South Korea,2021-04-06,106898,668,544,1756,4,4,2085,13,11,34,0,0,1,,,,,,,,,53812,7842135,153,1,36651,1,0,67,people tested,1072480,1039066,33414,44919,30299,2,2,0,591,58,51269183,528,43,14,9,35938,0,86,7,6,41,,12,83,1,
KOR,Asia,South Korea,2021-04-07,107598,700,566,1758,2,3,2099,14,11,34,0,0,1,,,,,,,,,49390,7891525,154,1,36432,1,0,64,people tested,1118221,1075574,42647,45741,32668,2,2,0,637,58,51269183,528,43,14,9,35938,0,86,7,6,41,,12,83,1,
KOR,Asia,South Korea,2021-04-08,108269,671,582,1764,6,4,2112,13,11,34,0,0,1,,,,,,,,,42902,7934427,155,1,36540,1,0,63,people tested,1165802,1113666,52136,47581,33125,2,2,0,646,58,51269183,528,43,14,9,35938,0,86,7,6,41,,12,83,1,
KOR,Asia,South Korea,2021-04-09,108945,676,601,1765,1,4,2125,13,12,34,0,0,1,,,,,,,,,42774,7977201,156,1,37094,1,0,62,people tested,1207482,1148060,59422,41680,32507,2,2,0,634,58,51269183,528,43,14,9,35938,0,86,7,6,41,,12,83,1,
KOR,Asia,South Korea,2021-04-10,109559,614,611,1768,3,3,2137,12,12,34,0,0,1,,,,,,,,,39415,8016616,156,1,37472,1,0,61,people tested,1217460,1156950,60510,9978,32583,2,2,0,636,58,51269183,528,43,14,9,35938,0,86,7,6,41,,12,83,1,
KOR,Asia,South Korea,2021-04-11,110146,587,628,1770,2,3,2148,11,12,35,0,0,1,,,,,,,,,21007,8037623,157,0,38278,1,0,61,people tested,1217766,1157255,60511,306,32525,2,2,0,634,58,51269183,528,43,14,9,35938,0,86,7,6,41,,12,83,1,2
KOR,Asia,South Korea,2021-04-12,110688,542,637,1775,5,3,2159,11,12,35,0,0,1,,,,,,,,,19912,8057535,157,0,38459,1,0,60,people tested,1255899,1195342,60557,38133,32620,2,2,0,636,58,51269183,528,43,14,9,35938,0,86,7,6,41,,12,83,1,
KOR,Asia,South Korea,2021-04-13,111419,731,646,1782,7,4,2173,14,13,35,0,0,1,,,,,,,,,57400,8114935,158,1,38971,1,0,60,people tested,1299632,1239065,60567,43733,32450,3,2,0,633,58,51269183,528,43,14,9,35938,0,86,7,6,41,,12,83,1,
KOR,Asia,South Korea,2021-04-14,112117,698,646,1788,6,4,2187,14,13,35,0,0,1,,,,,,,,,55826,8170761,159,1,39891,1,0,62,people tested,1346478,1285909,60569,46846,32608,3,3,0,636,58,51269183,528,43,14,9,35938,0,86,7,6,41,,12,83,1,
KOR,Asia,South Korea,2021-04-15,112789,672,646,1790,2,4,2200,13,13,35,0,0,1,,,,,,,,,50144,8220905,160,1,40925,1,0,63,people tested,1440224,1379653,60571,93746,39203,3,3,0,765,58,51269183,528,43,14,9,35938,0,86,7,6,41,,12,83,1,
KOR,Asia,South Korea,2021-04-16,113444,655,643,1794,4,4,2213,13,13,35,0,0,1,,,,,,,,,41544,8262449,161,1,40750,1,0,63,people tested,1543546,1482969,60577,103322,48009,3,3,0,936,58,51269183,528,43,14,9,35938,0,86,7,6,41,,12,83,1,
KOR,Asia,South Korea,2021-04-17,114115,671,651,1797,3,4,2226,13,13,35,0,0,1,,,,,,,,,,,,,39005,1,0,60,people tested,1573088,1512503,60585,29542,50804,3,3,0,991,58,51269183,528,43,14,9,35938,0,86,7,6,41,,12,83,1,
KOR,Asia,South Korea,2021-04-18,114646,531,643,1801,4,4,2236,10,13,35,0,0,1,,,,,,,,,,,,,39890,1,0,62,people tested,1577975,1517390,60585,4887,51458,3,3,0,1004,58,51269183,528,43,14,9,35938,0,86,7,6,41,,12,83,1,7
KOR,Asia,South Korea,2021-04-19,115195,549,644,1802,1,4,2247,11,13,35,0,0,1,,,,,,,,,,8344058,163,,40932,1,0,64,people tested,1700076,1639490,60586,122101,63454,3,3,0,1238,58,51269183,528,43,14,9,35938,0,86,7,6,41,,12,83,1,
KOR,Asia,South Korea,2021-04-20,115926,731,644,1806,4,3,2261,14,13,35,0,0,1,,,,,,,,,47944,8392002,164,1,39581,1,0,62,people tested,1832004,1771407,60597,131928,76053,4,3,0,1483,58,51269183,528,43,14,9,35938,0,86,7,6,41,,12,83,1,
KOR,Asia,South Korea,2021-04-21,116661,735,649,1808,2,3,2275,14,13,35,0,0,1,,,,,,,,,38381,8430383,164,1,37089,1,0,57,people tested,1964389,1903767,60622,132385,88273,4,4,0,1722,58,51269183,528,43,14,9,35938,0,86,7,6,41,,12,83,1,
KOR,Asia,South Korea,2021-04-22,117458,797,667,1811,3,3,2291,16,13,35,0,0,1,,,,,,,,,39983,8470366,165,1,35637,1,0,53,people tested,2114700,2035549,79151,150311,96354,4,4,0,1879,58,51269183,528,43,14,9,35938,0,86,7,6,41,,12,83,1,
KOR,Asia,South Korea,2021-04-23,118243,785,686,1812,1,3,2306,15,13,35,0,0,1,,,,,,,,,43225,8513591,166,1,35877,1,0,52,people tested,2294259,2195492,98767,179559,107245,4,4,0,2092,58,51269183,528,43,14,9,35938,0,86,7,6,41,,12,83,1,
KOR,Asia,South Korea,2021-04-24,118887,644,682,1813,1,2,2319,13,13,35,0,0,1,,,,,,,,,41063,8554654,167,1,37857,1,0,56,people tested,2365177,2260639,104538,70918,113156,5,4,0,2207,58,51269183,528,43,14,9,35938,0,86,7,6,41,,12,83,1,
KOR,Asia,South Korea,2021-04-25,119387,500,677,1817,4,2,2329,10,13,35,0,0,1,,,,,,,,,22577,8577231,167,0,37197,1,0,55,people tested,2371793,2266888,104905,6616,113403,5,4,0,2212,58,51269183,528,43,14,9,35938,0,86,7,6,41,,12,83,1,3
KOR,Asia,South Korea,2021-04-26,119898,511,672,1820,3,3,2339,10,13,35,0,0,1,,,,,,,,,17664,8594895,168,0,35834,1,0,53,people tested,2536478,2409975,126503,164685,119486,5,5,0,2331,58,51269183,528,43,14,9,35938,0,86,7,6,41,,12,83,1,
KOR,Asia,South Korea,2021-04-27,120673,775,678,1821,1,2,2354,15,13,36,0,0,1,,,,,,,,,50206,8645101,169,1,36157,1,0,53,people tested,2735051,2586769,148282,198573,129007,5,5,0,2516,58,51269183,528,43,14,9,35938,0,86,7,6,41,,12,83,1,
KOR,Asia,South Korea,2021-04-28,121351,678,670,1825,4,2,2367,13,13,36,0,0,1,,,,,,,,,44231,8689332,169,1,36993,1,0,55,people tested,2977515,2808794,168721,242464,144732,6,5,0,2823,58,51269183,528,43,14,9,35938,0,86,7,6,41,,12,83,1,
KOR,Asia,South Korea,2021-04-29,122007,656,650,1828,3,2,2380,13,13,36,0,0,1,,,,,,,,,36055,8725387,170,1,36432,1,0,56,people tested,3254738,3056004,198734,277223,162863,6,6,0,3177,58,51269183,528,43,14,9,35938,0,86,7,6,41,,12,83,1,
KOR,Asia,South Korea,2021-04-30,122634,627,627,1831,3,3,2392,12,12,36,0,0,1,,,,,,,,,40394,8765781,171,1,36027,1,0,57,people tested,3554402,3326003,228399,299664,180020,7,6,0,3511,58,51269183,528,43,14,9,35938,0,86,7,6,41,,12,83,1,
KOR,Asia,South Korea,2021-05-01,123240,606,622,1833,2,3,2404,12,12,36,0,0,1,,,,,,,,,32395,8798176,172,1,34789,1,0,56,people tested,3631292,3395104,236188,76890,180874,7,7,0,3528,58,51269183,528,43,14,9,35938,0,86,7,6,41,,12,83,1,
KOR,Asia,South Korea,2021-05-02,123728,488,620,1834,1,2,2413,10,12,36,0,0,1,,,,,,,,,13451,8811627,172,0,33485,1,0,54,people tested,3633353,3396864,236489,2061,180223,7,7,0,3515,58,51269183,528,43,14,9,35938,0,86,7,6,41,,12,83,1,4
KOR,Asia,South Korea,2021-05-03,124269,541,624,1840,6,3,2424,11,12,36,0,0,1,,,,,,,,,14677,8826304,172,0,33058,1,0,53,people tested,3733940,3466908,267032,100587,171066,7,7,1,3337,53,51269183,528,43,14,9,35938,0,86,7,6,41,,12,83,1,
KOR,Asia,South Korea,2021-05-04,124945,676,610,1847,7,4,2437,13,12,36,0,0,1,,,,,,,,,52755,8879059,173,1,33423,1,0,55,people tested,3828206,3530014,298192,94266,156165,7,7,1,3046,53,51269183,528,43,14,9,35938,0,86,7,6,41,,12,83,1,
KOR,Asia,South Korea,2021-05-05,125519,574,595,1851,4,4,2448,11,12,36,0,0,1,,,,,,,,,36015,8915074,174,1,32249,1,0,54,people tested,3883829,3560324,323505,55623,129473,8,7,1,2525,53,51269183,528,43,14,9,35938,0,86,7,6,41,,12,83,1,
KOR,Asia,South Korea,2021-05-06,126044,525,577,1860,9,5,2458,10,11,36,0,0,1,,,,,,,,,18863,8933937,174,0,29793,1,0,52,people tested,4005806,3608616,397190,121977,107295,8,7,1,2093,50,51269183,528,43,14,9,35938,0,86,7,6,41,,12,83,1,
KOR,Asia,South Korea,2021-05-07,126745,701,587,1865,5,5,2472,14,11,36,0,0,1,,,,,,,,,38521,8972458,175,1,29525,1,0,50,people tested,4136581,3662587,473994,130775,83168,8,7,1,1622,50,51269183,528,43,14,9,35938,0,86,7,6,41,,12,83,1,
KOR,Asia,South Korea,2021-05-08,127309,564,581,1874,9,6,2483,11,11,37,0,0,1,,,,,,,,,38449,9010907,176,1,30390,1,0,52,people tested,4176221,3674682,501539,39640,77847,8,7,1,1518,50,51269183,528,43,14,9,35938,0,86,7,6,41,,12,83,1,
KOR,Asia,South Korea,2021-05-09,127772,463,578,1875,1,6,2492,9,11,37,0,0,1,,,,,,,,,13584,9024491,176,0,30409,1,0,53,people tested,4181003,3674729,506274,4782,78236,8,7,1,1526,50,51269183,528,43,14,9,35938,0,86,7,6,41,,12,83,1,
KOR,Asia,South Korea,2021-05-10,128283,511,573,1879,4,6,2502,10,11,37,0,0,1,,,,,,,,,14170,9038661,176,0,30337,1,0,53,people tested,4276579,3692566,584013,95576,77520,8,7,1,1512,50,51269183,528,43,14,9,35938,0,86,7,6,41,,12,83,1,
KOR,Asia,South Korea,2021-05-11,128918,635,568,1884,5,5,2515,12,11,37,0,0,1,,,,,,,,,40995,9079656,177,1,28657,1,0,50,people tested,4363470,3698657,664813,86891,76466,9,7,1,1491,50,51269183,528,43,14,9,35938,0,86,7,6,41,,12,83,1,
KOR,Asia,South Korea,2021-05-12,129633,715,588,1891,7,6,2528,14,11,37,0,0,1,,,,,,,,,37604,9117260,178,1,28884,1,0,49,people tested,4458730,3711023,747707,95260,82129,9,7,1,1602,50,51269183,528,43,14,9,35938,0,86,7,6,41,,12,83,1,
KOR,Asia,South Korea,2021-05-13,130380,747,619,1893,2,5,2543,15,12,37,0,0,1,,,,,,,,,36376,9153636,179,1,31386,1,0,51,people tested,4545683,3719983,825700,86953,77125,9,7,2,1504,50,51269183,528,43,14,9,35938,0,86,7,6,41,,12,83,1,
KOR,Asia,South Korea,2021-05-14,131061,681,617,1896,3,4,2556,13,12,37,0,0,1,,,,,,,,,32447,9186083,179,1,30518,1,0,50,people tested,4636641,3731221,905420,90958,71437,9,7,2,1393,50,51269183,528,43,14,9,35938,0,86,7,6,41,,12,83,1,
KOR,Asia,South Korea,2021-05-15,131671,610,623,1900,4,4,2568,12,12,37,0,0,1,,,,,,,,,33795,9219878,180,1,29853,1,0,48,people tested,4669153,3733796,935357,32512,70419,9,7,2,1374,50,51269183,528,43,14,9,35938,0,86,7,6,41,,12,83,1,
KOR,Asia,South Korea,2021-05-16,132290,619,645,1903,3,4,2580,12,13,37,0,0,1,,,,,,,,,15073,9234951,180,0,30066,1,0,47,people tested,4674151,3733806,940345,4998,70450,9,7,2,1374,50,51269183,528,43,14,9,35938,0,86,7,6,41,,12,83,1,
KOR,Asia,South Korea,2021-05-17,132818,528,648,1904,1,4,2591,10,13,37,0,0,1,,,,,,,,,16545,9251496,180,0,30405,1,0,47,people tested,4785576,3745934,1039642,111425,72714,9,7,2,1418,50,51269183,528,43,14,9,35938,0,86,7,6,41,,12,83,1,
KOR,Asia,South Korea,2021-05-18,133471,653,650,1912,8,4,2603,13,13,37,0,0,1,,,,,,,,,40095,9291591,181,1,30276,1,0,46,people tested,4939339,3759058,1180281,153763,82267,10,7,2,1605,50,51269183,528,43,14,9,35938,0,86,7,6,41,,12,83,1,
KOR,Asia,South Korea,2021-05-19,134117,646,641,1916,4,4,2616,13,12,37,0,0,1,,,,,,,,,32559,9324150,182,1,29556,1,0,46,people tested,5034150,3760940,1273210,94811,82203,10,7,2,1603,50,51269183,528,43,14,9,35938,0,86,7,6,41,,12,83,1,
KOR,Asia,South Korea,2021-05-20,134678,561,614,1922,6,4,2627,11,12,37,0,0,1,,,,,,,,,14335,9338485,182,0,26407,1,0,43,people tested,5255441,3772599,1482842,221291,101394,10,7,3,1978,50,51269183,528,43,14,9,35938,0,86,7,6,41,,12,83,1,
KOR,Asia,South Korea,2021-05-21,135344,666,612,1926,4,4,2640,13,12,38,0,0,1,,,,,,,,,34479,9372964,183,1,26697,1,0,44,people tested,5495098,3787570,1707528,239657,122637,11,7,3,2392,50,51269183,528,43,14,9,35938,0,86,7,6,41,,12,83,1,
KOR,Asia,South Korea,2021-05-22,135929,585,608,1931,5,4,2651,11,12,38,0,0,1,,,,,,,,,30444,9403408,183,1,26219,1,0,43,people tested,5536097,3792660,1743437,40999,123849,11,7,3,2416,50,51269183,528,43,14,9,35938,0,86,7,6,41,,12,83,1,
KOR,Asia,South Korea,2021-05-23,136467,538,597,1934,3,4,2662,10,12,38,0,0,1,,,,,,,,,10656,9414064,184,0,25588,0,0,43,people tested,5539242,3792906,1746336,3145,123584,11,7,3,2410,50,51269183,528,43,14,9,35938,0,86,7,6,41,,12,83,1,
KOR,Asia,South Korea,2021-05-24,136983,516,595,1938,4,5,2672,10,12,38,0,0,1,,,,,,,,,18845,9432909,184,0,25916,1,0,44,people tested,5715453,3864784,1850669,176211,132840,11,8,4,2591,50,51269183,528,43,14,9,35938,0,86,7,6,41,,12,83,1,
KOR,Asia,South Korea,2021-05-25,137682,699,602,1940,2,4,2685,14,12,38,0,0,1,,,,,,,,,42720,9475629,185,1,26291,1,0,44,people tested,5887992,3942775,1945217,172539,135522,11,8,4,2643,50,51269183,528,43,14,9,35938,0,86,7,6,41,,12,83,1,
KOR,Asia,South Korea,2021-05-26,138311,629,599,1943,3,4,2698,12,12,38,0,0,1,,,,,,,,,32760,9508389,185,1,26320,1,0,44,people tested,6043663,4030744,2012919,155671,144216,12,8,4,2813,50,51269183,528,43,14,9,35938,0,86,7,6,41,,12,83,1,
KOR,Asia,South Korea,2021-05-27,138898,587,603,1946,3,3,2709,11,12,38,0,0,1,,,,,,,,,34645,9543034,186,1,29221,1,0,48,people tested,6757397,4688520,2068877,713734,214565,13,9,4,4185,50,51269183,528,43,14,9,35938,0,86,7,6,41,,12,83,1,
KOR,Asia,South Korea,2021-05-28,139431,533,584,1951,5,4,2720,10,11,38,0,0,1,,,,,,,,,36550,9579584,187,1,29517,1,0,51,people tested,7367683,5233963,2133720,610286,267512,14,10,4,5218,50,51269183,528,43,14,9,35938,0,86,7,6,41,,12,83,1,
KOR,Asia,South Korea,2021-05-29,139910,479,569,1957,6,4,2729,9,11,38,0,0,1,,,,,,,,,30217,9609801,187,1,29485,1,0,52,people tested,7542308,5399015,2143293,174625,286602,15,11,4,5590,50,51269183,528,43,14,9,35938,0,86,7,6,41,,12,83,1,
KOR,Asia,South Korea,2021-05-30,140340,430,553,1959,2,4,2737,8,11,38,0,0,1,,,,,,,,,11320,9621121,188,0,29580,1,0,54,people tested,7547239,5403854,2143385,4931,286857,15,11,4,5595,50,51269183,528,43,14,9,35938,0,86,7,6,41,,12,83,1,
KOR,Asia,South Korea,2021-05-31,140799,459,545,1963,4,4,2746,9,11,38,0,0,1,,,,,,,,,12084,9633205,188,0,28614,1,0,52,people tested,7962839,5791503,2171336,415600,321055,16,11,4,6262,50,51269183,528,43,14,9,35938,0,86,7,6,41,,12,83,1,
KOR,Asia,South Korea,2021-06-01,141476,677,542,1965,2,4,2759,13,11,38,0,0,1,,,,,,,,,37585,9670790,189,1,27880,1,0,51,people tested,8556522,6358512,2198010,593683,381219,17,12,4,7436,50,51269183,528,43,14,9,35938,0,86,7,6,41,,12,83,1,
KOR,Asia,South Korea,2021-06-02,142157,681,549,1968,3,4,2773,13,11,38,0,0,1,,,,,,,,,34643,9705433,189,1,28149,1,0,51,people tested,8962721,6741993,2220728,406199,417008,17,13,4,8134,50,51269183,528,43,14,9,35938,0,86,7,6,41,,12,83,1,
KOR,Asia,South Korea,2021-06-03,142852,695,565,1969,1,3,2786,14,11,38,0,0,1,,,,,,,,,37069,9742502,190,1,28495,1,0,50,people tested,9333300,7086292,2247008,370579,367986,18,14,4,7178,50,51269183,528,43,14,9,35938,0,86,7,6,41,,12,83,1,
KOR,Asia,South Korea,2021-06-04,143596,744,595,1971,2,3,2801,15,12,38,0,0,1,,,,,,,,,34978,9777480,191,1,28271,1,0,48,people tested,9732863,7455726,2277137,399563,337883,19,15,4,6590,50,51269183,528,43,14,9,35938,0,86,7,6,41,,12,83,1,
KOR,Asia,South Korea,2021-06-05,144152,556,606,1973,2,2,2812,11,12,38,0,0,1,,,,,,,,,31310,9808790,191,1,28427,1,0,47,people tested,9874668,7595072,2279596,141805,333194,19,15,4,6499,50,51269183,528,43,14,9,35938,0,86,7,6,41,,12,83,1,
KOR,Asia,South Korea,2021-06-06,144637,485,614,1974,1,2,2821,9,12,39,0,0,1,,,,,,,,,14442,9823232,192,0,28873,1,0,47,people tested,9878469,7598787,2279682,3801,333033,19,15,4,6496,50,51269183,528,43,14,9,35938,0,86,7,6,41,,12,83,1,
KOR,Asia,South Korea,2021-06-07,145091,454,613,1975,1,2,2830,9,12,39,0,0,1,,,,,,,,,12539,9835771,192,0,28938,1,0,47,people tested,10755652,8455799,2299853,877183,398973,21,16,4,7782,50,51269183,528,43,14,9,35938,0,86,7,6,41,,12,83,1,
KOR,Asia,South Korea,2021-06-08,145692,601,602,1977,2,2,2842,12,12,39,0,0,1,,,,,,,,,33553,9869324,192,1,28362,1,0,47,people tested,11527605,9202346,2325259,771953,424440,22,18,5,8279,50,51269183,528,43,14,9,35938,0,86,7,6,41,,12,83,1,
KOR,Asia,South Korea,2021-06-09,146303,611,592,1979,2,2,2854,12,12,39,0,0,1,,,,,,,,,44035,9913359,193,1,29704,1,0,50,people tested,12143648,9794163,2349485,616043,454418,24,19,5,8863,50,51269183,528,43,14,9,35938,0,86,7,6,41,,12,83,1,
KOR,Asia,South Korea,2021-06-10,146859,556,572,1981,2,2,2864,11,11,39,0,0,1,,,,,,,,,33176,9946535,194,1,29148,1,0,51,people tested,13201539,10565404,2636135,1057891,552606,26,21,5,10779,50,51269183,528,43,14,9,35938,0,86,7,6,41,,12,83,1,
KOR,Asia,South Korea,2021-06-11,147422,563,547,1982,1,2,2875,11,11,39,0,0,1,,,,,,,,,30776,9977311,195,1,28547,1,0,52,people tested,14261118,11387256,2873862,1059579,646894,28,22,6,12618,50,51269183,528,43,14,9,35938,0,86,7,6,41,,12,83,1,
KOR,Asia,South Korea,2021-06-12,147874,452,532,1985,3,2,2884,9,10,39,0,0,1,,,,,,,,,41024,10018335,195,1,29935,1,0,56,people tested,14794416,11802287,2992129,533298,702821,29,23,6,13708,50,51269183,528,43,14,9,35938,0,86,7,6,41,,12,83,1,
KOR,Asia,South Korea,2021-06-13,148273,399,519,1988,3,2,2892,8,10,39,0,0,1,,,,,,,,,10055,10028390,196,0,29308,1,0,56,people tested,14834410,11830381,3004029,39994,707992,29,23,6,13809,50,51269183,528,43,14,9,35938,0,86,7,6,41,,12,83,1,
KOR,Asia,South Korea,2021-06-14,148647,374,508,1992,4,2,2899,7,10,39,0,0,1,,,,,,,,,13683,10042073,196,0,29472,1,0,58,people tested,15828002,12565269,3262733,993592,724621,31,25,6,14134,50,51269183,528,43,14,9,35938,0,86,7,6,41,,12,83,1,
KOR,Asia,South Korea,2021-06-15,149191,544,500,1993,1,2,2910,11,10,39,0,0,1,,,,,,,,,30733,10072806,196,1,29069,1,0,58,people tested,15877730,13266098,3476708,49728,621446,31,26,7,12121,50,51269183,528,43,14,9,35938,0,86,7,6,41,,12,83,1,
KOR,Asia,South Korea,2021-06-16,149731,540,490,1994,1,2,2920,11,10,39,0,0,1,,,,,,,,,37814,10110620,197,1,28180,1,0,58,people tested,16504369,13790841,3755040,626639,622960,32,27,7,12151,50,51269183,528,43,14,9,35938,0,86,7,6,41,,12,83,1,
KOR,Asia,South Korea,2021-06-17,150238,507,483,1996,2,2,2930,10,9,39,0,0,1,,,,,,,,,25897,10136517,198,1,27140,1,0,56,people tested,17098158,14277712,3888995,593789,556660,33,28,8,10858,50,51269183,528,43,14,9,35938,0,86,7,6,41,,12,83,1,
KOR,Asia,South Korea,2021-06-18,150720,482,471,1997,1,2,2940,9,9,39,0,0,1,,,,,,,,,31694,10168211,198,1,27271,1,0,58,people tested,17732229,14814850,4016740,634071,495873,35,29,8,9672,50,51269183,528,43,14,9,35938,0,86,7,6,41,,12,83,1,
KOR,Asia,South Korea,2021-06-19,151149,429,468,2002,5,2,2948,8,9,39,0,0,1,,,,,,,,,26222,10194433,199,1,25157,0,0,54,people tested,,,,,435014,,,,8485,50,51269183,528,43,14,9,35938,0,86,7,6,41,,12,83,1,
KOR,Asia,South Korea,2021-06-20,151506,357,462,2004,2,2,2955,7,9,39,0,0,1,,,,,,,,,10139,10204572,199,0,25169,0,0,54,people tested,17946801,15014819,4047846,,444627,35,29,8,8672,50,51269183,528,43,14,9,35938,0,86,7,6,41,,12,83,1,
KOR,Asia,South Korea,2021-06-21,151901,395,465,2006,2,2,2963,8,9,39,0,0,1,,,,,,,,,13042,10217614,199,0,25077,0,0,54,people tested,18086202,15039998,4167533,139401,322600,35,29,8,6292,50,51269183,528,43,14,9,35938,0,86,7,6,41,,12,83,1,
KOR,Asia,South Korea,2021-06-22,152545,644,479,2007,1,2,2975,13,9,39,0,0,1,,,,,,,,,35302,10252916,200,1,25730,1,0,54,people tested,18267181,15098865,4292272,180979,341350,36,29,8,6658,50,51269183,528,43,14,9,35938,0,86,7,6,41,,12,83,1,
KOR,Asia,South Korea,2021-06-23,153155,610,489,2008,1,2,2987,12,10,39,0,0,,,,,,,,,,27242,10280158,201,1,24220,0,0,50,people tested,18438254,15150121,4413494,171073,276269,36,30,9,5389,50,51269183,528,43,14,9,35938,0,86,7,6,41,,12,83,1,
KOR,Asia,South Korea,2021-06-24,153789,634,507,2009,1,2,3000,12,10,39,0,0,,,,,,,,,,37653,10317811,201,1,25899,1,0,51,people tested,18595784,15199919,4521785,157530,213947,36,30,9,4173,50,51269183,528,43,14,9,35938,0,86,7,6,41,,12,83,1,
KOR,Asia,South Korea,2021-06-25,154457,668,534,2012,3,2,3013,13,10,39,0,0,,,,,,,,,,26546,10344357,202,1,25164,0,0,47,people tested,18775078,15280215,4621279,179294,148978,37,30,9,2906,50,51269183,528,43,14,9,35938,0,86,7,6,41,,12,83,1,
KOR,Asia,South Korea,2021-06-26,155071,614,560,2013,1,2,3025,12,11,39,0,0,,,,,,,,,,36586,10380943,202,1,26644,1,0,48,people tested,18806956,15290216,4643211,31878,138206,37,30,9,2696,50,51269183,528,43,14,9,35938,0,86,7,6,41,,12,83,1,
KOR,Asia,South Korea,2021-06-27,155572,501,581,2015,2,2,3034,10,11,39,0,0,,,,,,,,,,11359,10392302,203,0,26819,1,0,46,people tested,18807776,15290302,4643951,820,122996,37,30,9,2399,50,51269183,528,43,14,9,35938,0,86,7,6,41,,12,83,1,
KOR,Asia,South Korea,2021-06-28,156167,595,609,2017,2,2,3046,12,12,39,0,0,,,,,,,,,,13784,10406086,203,0,26925,1,0,44,people tested,18935546,15304120,4758395,127770,121335,37,30,9,2367,50,51269183,528,43,14,9,35938,0,86,7,6,41,,12,83,1,
KOR,Asia,South Korea,2021-06-29,156961,794,631,2018,1,2,3062,15,12,39,0,0,,,,,,,,,,32797,10438883,204,1,26567,1,,,people tested,19099022,15321254,4905462,163476,118834,37,30,10,2318,,51269183,528,43,14,9,35938,0,86,7,6,41,,12,83,1,
KOR,Asia,South Korea,2021-06-30,157723,762,653,2021,3,2,3076,15,13,39,0,0,,,,,,,,,,,,,,,,,,,19249157,15336361,5041240,150135,115843,38,30,10,2260,,51269183,528,43,14,9,35938,0,86,7,6,41,,12,83,1,
