countryterritoryCode,continentExp,countriesAndTerritories,dateRep,total_cases,cases,new_cases_smoothed,total_deaths,deaths,new_deaths_smoothed,total_cases_per_million,new_cases_per_million,new_cases_smoothed_per_million,total_deaths_per_million,new_deaths_per_million,new_deaths_smoothed_per_million,reproduction_rate,icu_patients,icu_patients_per_million,hosp_patients,hosp_patients_per_million,weekly_icu_admissions,weekly_icu_admissions_per_million,weekly_hosp_admissions,weekly_hosp_admissions_per_million,new_tests,total_tests,total_tests_per_thousand,new_tests_per_thousand,new_tests_smoothed,new_tests_smoothed_per_thousand,positive_rate,tests_per_case,tests_units,total_vaccinations,people_vaccinated,people_fully_vaccinated,new_vaccinations,new_vaccinations_smoothed,total_vaccinations_per_hundred,people_vaccinated_per_hundred,people_fully_vaccinated_per_hundred,new_vaccinations_smoothed_per_million,stringency_index,popData2019,population_density,median_age,aged_65_older,aged_70_older,gdp_per_capita,extreme_poverty,cardiovasc_death_rate,diabetes_prevalence,female_smokers,male_smokers,handwashing_facilities,hospital_beds_per_thousand,life_expectancy,human_development_index,excess_mortality
USA,North America,United States,2021-01-01,20254160,153916,197148,354366,2155,2620,61190,465,596,1071,7,8,1,27470,83,121028,366,,,,,1243010,258638928,781,4,1485734,4,0,7,tests performed,,,,,302329,,,,904,72,331002647,36,38,15,10,54225,1,151,11,19,25,,3,79,1,
USA,North America,United States,2021-01-02,20554622,300462,207726,356881,2515,2709,62098,908,628,1078,8,8,1,27614,83,122642,371,,,,,1108276,259747204,785,3,1503904,5,0,7,tests performed,4225756,4225756,,,325882,1,1,,974,72,331002647,36,38,15,10,54225,1,151,11,19,25,,3,79,1,
USA,North America,United States,2021-01-03,20763475,208853,215299,358334,1453,2711,62729,631,650,1083,4,8,1,28005,85,125568,379,,,112158,339,1041536,260788740,788,3,1518921,5,0,7,tests performed,,,,,336949,,,,1007,72,331002647,36,38,15,10,54225,1,151,11,19,25,,3,79,1,51
USA,North America,United States,2021-01-04,20947480,184005,216706,360427,2093,2723,63285,556,655,1089,6,8,1,28264,85,127396,385,,,,,1392811,262181551,792,4,1534770,5,0,7,tests performed,4563260,4563260,,,348017,1,1,,1041,72,331002647,36,38,15,10,54225,1,151,11,19,25,,3,79,1,
USA,North America,United States,2021-01-05,21182522,235042,221654,364137,3710,2734,63995,710,670,1100,11,8,1,28526,86,128826,389,,,,,1952643,264134194,798,6,1548656,5,0,7,tests performed,4836469,4836469,,273209,339372,1,1,,1015,72,331002647,36,38,15,10,54225,1,151,11,19,25,,3,79,1,
USA,North America,United States,2021-01-06,21438159,255637,224788,368041,3904,2756,64767,772,679,1112,12,8,1,28607,86,129769,392,,,,,2317840,266452034,805,7,1567682,5,0,7,tests performed,5306797,5306797,,470328,358887,2,2,,1073,72,331002647,36,38,15,10,54225,1,151,11,19,25,,3,79,1,
USA,North America,United States,2021-01-07,21716496,278337,230893,372034,3993,2832,65608,841,698,1124,12,9,1,28491,86,128782,389,,,,,2251363,268703397,812,7,1615354,5,0,7,tests performed,5919418,5919418,,612621,378253,2,2,,1131,72,331002647,36,38,15,10,54225,1,151,11,19,25,,3,79,1,
USA,North America,United States,2021-01-08,22011753,295257,251085,376144,4110,3111,66500,892,759,1136,12,9,1,28366,86,127854,386,,,,,2143636,270847033,818,6,1744015,5,0,7,tests performed,6688231,6688231,,768813,419933,2,2,,1256,72,331002647,36,38,15,10,54225,1,151,11,19,25,,3,79,1,
USA,North America,United States,2021-01-09,22272720,260967,245443,379469,3325,3227,67289,788,742,1146,10,10,1,28188,85,126384,382,,,,,1712309,272559342,823,5,1830305,6,0,7,tests performed,,,,,461263,,,,1379,72,331002647,36,38,15,10,54225,1,151,11,19,25,,3,79,1,
USA,North America,United States,2021-01-10,22486135,213415,246094,381472,2003,3305,67933,645,743,1152,6,10,1,28369,86,126481,382,,,116323,351,1159228,273718570,827,4,1847119,6,0,7,tests performed,,,,,546636,,,,1634,72,331002647,36,38,15,10,54225,1,151,11,19,25,,3,79,1,44
USA,North America,United States,2021-01-11,22700799,214664,250474,383579,2107,3307,68582,649,757,1159,6,10,1,28738,87,127585,385,,,,,1515864,275234434,832,5,1864698,6,0,7,tests performed,8987322,8987322,,,632009,3,3,,1890,72,331002647,36,38,15,10,54225,1,151,11,19,25,,3,79,1,
USA,North America,United States,2021-01-12,22927766,226967,249321,388055,4476,3417,69268,686,753,1172,14,10,1,28889,87,127030,384,,,,,2019830,277254264,838,6,1874296,6,0,8,tests performed,9327138,9327138,,339816,641524,3,3,,1918,72,331002647,36,38,15,10,54225,1,151,11,19,25,,3,79,1,
USA,North America,United States,2021-01-13,23158067,230301,245701,392068,4013,3432,69963,696,742,1184,12,10,1,28732,87,126529,382,,,,,2098331,279352595,844,6,1842937,6,0,8,tests performed,10278462,,,951324,710238,3,,,2124,72,331002647,36,38,15,10,54225,1,151,11,19,25,,3,79,1,
USA,North America,United States,2021-01-14,23393833,235766,239620,396056,3988,3432,70676,712,724,1197,12,10,1,28525,86,133214,402,,,,,2068743,281421338,850,6,1816849,5,0,8,tests performed,11148991,9690757,1342086,870529,747082,3,3,0,2234,72,331002647,36,38,15,10,54225,1,151,11,19,25,,3,79,1,
USA,North America,United States,2021-01-15,23636613,242780,232123,399944,3888,3400,71409,733,701,1208,12,10,1,28419,86,123743,374,,,,,2028841,283450179,856,6,1800449,5,0,8,tests performed,12279180,10595866,1610524,1130189,798707,4,3,0,2388,72,331002647,36,38,15,10,54225,1,151,11,19,25,,3,79,1,
USA,North America,United States,2021-01-16,23838471,201858,223679,403367,3423,3414,72019,610,676,1219,10,10,1,28117,85,121079,366,,,,,1580552,285030731,861,5,1781627,5,0,8,tests performed,,,,,811670,,,,2427,72,331002647,36,38,15,10,54225,1,151,11,19,25,,3,79,1,
USA,North America,United States,2021-01-17,24016402,177931,218610,405250,1883,3397,72557,538,660,1224,6,10,1,27887,84,120779,365,,,108933,329,1065840,286096571,864,3,1768286,5,0,8,tests performed,,,,,824632,,,,2466,72,331002647,36,38,15,10,54225,1,151,11,19,25,,3,79,1,41
USA,North America,United States,2021-01-18,24160000,143598,208457,406803,1553,3318,72990,434,630,1229,5,10,1,27827,84,120367,364,,,,,1284311,287380882,868,4,1735207,5,0,9,tests performed,,,,,837595,,,,2504,72,331002647,36,38,15,10,54225,1,151,11,19,25,,3,79,1,
USA,North America,United States,2021-01-19,24336216,176216,201207,409526,2723,3067,73523,532,608,1237,8,9,1,27580,83,119335,361,,,,,1802571,289183453,874,5,1704170,5,0,9,tests performed,15707588,13595803,2023124,,911493,5,4,1,2725,72,331002647,36,38,15,10,54225,1,151,11,19,25,,3,79,1,
USA,North America,United States,2021-01-20,24519477,183261,194487,413932,4406,3123,74076,554,588,1251,13,9,1,26999,82,117102,354,,,,,2122176,291305629,880,6,1707576,5,0,9,tests performed,16525281,14270441,2161419,817693,892403,5,4,1,2668,72,331002647,36,38,15,10,54225,1,151,11,19,25,,3,79,1,
USA,North America,United States,2021-01-21,24713333,193856,188500,418124,4192,3153,74662,586,569,1263,13,10,1,26512,80,114049,345,,,,,2039695,293345324,886,6,1703427,5,0,9,tests performed,17546374,15053257,2394961,1021093,913912,5,4,1,2733,72,331002647,36,38,15,10,54225,1,151,11,19,25,,3,79,1,
USA,North America,United States,2021-01-22,24904093,190760,181069,421970,3846,3147,75238,576,547,1275,12,10,1,26000,79,111780,338,,,,,1913868,295259192,892,6,1687002,5,0,10,tests performed,19107959,16243093,2756953,1561585,975540,6,5,1,2917,72,331002647,36,38,15,10,54225,1,151,11,19,25,,3,79,1,
USA,North America,United States,2021-01-23,25074852,170759,176626,425316,3346,3136,75754,516,534,1285,10,9,1,25359,77,108076,327,,,,,1541743,296800935,897,5,1681458,5,0,10,tests performed,20537990,17390345,3027865,1430031,1057387,6,5,1,3162,72,331002647,36,38,15,10,54225,1,151,11,19,25,,3,79,1,
USA,North America,United States,2021-01-24,25206050,131198,169950,427208,1892,3137,76151,396,513,1291,6,9,1,25119,76,106969,323,,,94573,286,998100,297799035,900,3,1671781,5,0,10,tests performed,21848655,18502131,3216836,1310665,1122182,7,6,1,3355,72,331002647,36,38,15,10,54225,1,151,11,19,25,,3,79,1,38
USA,North America,United States,2021-01-25,25357727,151677,171104,429184,1976,3197,76609,458,517,1297,6,10,1,24999,76,106233,321,,,,,1225905,299024940,903,4,1663437,5,0,10,tests performed,22734243,19252279,3346390,885588,1126251,7,6,1,3368,72,331002647,36,38,15,10,54225,1,151,11,19,25,,3,79,1,
USA,North America,United States,2021-01-26,25505353,147626,167020,433193,4009,3381,77055,446,505,1309,12,10,1,24893,75,104583,316,,,,,1772504,300797444,909,5,1659142,5,0,10,tests performed,23540994,19902237,3481921,806751,1119058,7,6,1,3346,72,331002647,36,38,15,10,54225,1,151,11,19,25,,3,79,1,
USA,North America,United States,2021-01-27,25659314,153961,162834,437160,3967,3318,77520,465,492,1321,12,10,1,24355,74,102619,310,,,,,2053961,302851405,915,6,1649397,5,0,10,tests performed,24652634,20687970,3801053,1111640,1161050,7,6,1,3472,72,331002647,36,38,15,10,54225,1,151,11,19,25,,3,79,1,
USA,North America,United States,2021-01-28,25828118,168804,159255,441167,4007,3292,78030,510,481,1333,12,10,1,23784,72,100019,302,,,,,1896181,304747586,921,6,1628895,5,0,11,tests performed,26193682,21698606,4263056,1541048,1235330,8,6,1,3694,72,331002647,36,38,15,10,54225,1,151,11,19,25,,3,79,1,
USA,North America,United States,2021-01-29,25994731,166613,155805,444784,3617,3259,78533,503,471,1344,11,10,1,23118,70,96085,290,,,,,1832510,306580096,926,6,1617272,5,0,11,tests performed,27884661,22858318,4780888,1690979,1253815,8,7,1,3749,72,331002647,36,38,15,10,54225,1,151,11,19,25,,3,79,1,
USA,North America,United States,2021-01-30,26137190,142459,151763,447567,2783,3179,78964,430,458,1352,8,10,1,22704,69,92520,280,,,,,1430981,308011077,931,4,1601449,5,0,11,tests performed,29577902,24064165,5259693,1693241,1291416,9,7,2,3861,72,331002647,36,38,15,10,54225,1,151,11,19,25,,3,79,1,
USA,North America,United States,2021-01-31,26249342,112152,149042,449425,1858,3174,79303,339,450,1358,6,10,1,22497,68,91417,276,,,80644,244,943955,308955032,933,3,1593714,5,0,11,tests performed,31123299,25201143,5657142,1545397,1324949,9,8,2,3962,72,331002647,36,38,15,10,54225,1,151,11,19,25,,3,79,1,34
USA,North America,United States,2021-02-01,26384317,134975,146656,451496,2071,3187,79710,408,443,1364,6,10,1,22226,67,90561,274,,,,,1031948,309986980,937,3,1566006,5,0,11,tests performed,32222402,26023153,5927847,1099103,1355451,10,8,2,4053,72,331002647,36,38,15,10,54225,1,151,11,19,25,,3,79,1,
USA,North America,United States,2021-02-02,26499620,115303,142038,454931,3435,3105,80059,348,429,1374,10,9,1,21761,66,88971,269,,,,,1632009,311618989,941,5,1545935,5,0,11,tests performed,32780860,26440836,6064792,558458,1319981,10,8,2,3947,72,331002647,36,38,15,10,54225,1,151,11,19,25,,3,79,1,
USA,North America,United States,2021-02-03,26621311,121691,137428,458838,3907,3097,80426,368,415,1386,12,9,1,21399,65,87247,264,,,,,1868926,313487915,947,6,1519501,5,0,12,tests performed,33878254,27154956,6436931,1097394,1317946,10,8,2,3941,68,331002647,36,38,15,10,54225,1,151,11,19,25,,3,79,1,
USA,North America,United States,2021-02-04,26745317,124006,131028,462574,3736,3058,80801,375,396,1397,11,9,1,20867,63,84565,255,,,,,1928044,315415959,953,6,1524053,5,0,12,tests performed,35203710,27905197,6926050,1325456,1287147,11,8,2,3849,68,331002647,36,38,15,10,54225,1,151,11,19,25,,3,79,1,
USA,North America,United States,2021-02-05,26879739,134422,126430,466240,3666,3065,81207,406,382,1409,11,9,1,20350,61,82088,248,,,,,1828575,317244534,958,6,1523491,5,0,12,tests performed,36819212,28909497,7503864,1615502,1276364,11,9,2,3816,68,331002647,36,38,15,10,54225,1,151,11,19,25,,3,79,1,
USA,North America,United States,2021-02-06,26983915,104176,120961,468910,2670,3049,81522,315,365,1417,8,9,1,19858,60,79065,239,,,,,1332893,318577427,962,4,1509479,5,0,13,tests performed,39037964,30250964,8317180,2218752,1351437,12,9,2,4041,68,331002647,36,38,15,10,54225,1,151,11,19,25,,3,79,1,
USA,North America,United States,2021-02-07,27073661,89746,117760,470347,1437,2989,81793,271,356,1421,4,9,1,19371,59,77821,235,,,69413,210,828581,319406008,965,3,1492997,5,0,13,tests performed,41210937,31579100,9147185,2172973,1441091,12,9,3,4309,68,331002647,36,38,15,10,54225,1,151,11,19,25,,3,79,1,28
USA,North America,United States,2021-02-08,27164099,90438,111397,471967,1620,2924,82066,273,337,1426,5,9,1,19322,58,76831,232,,,,,1042091,320448099,968,3,1494446,5,0,14,tests performed,42417617,32340146,9518015,1206680,1456459,13,10,3,4355,68,331002647,36,38,15,10,54225,1,151,11,19,25,,3,79,1,
USA,North America,United States,2021-02-09,27259364,95265,108535,475040,3073,2873,82354,288,328,1435,9,9,1,18926,57,75589,228,,,,,1691545,322139644,973,5,1502951,5,0,15,tests performed,43206190,32867213,9840429,788573,1489333,13,10,3,4453,68,331002647,36,38,15,10,54225,1,151,11,19,25,,3,79,1,
USA,North America,United States,2021-02-10,27354614,95250,104758,478336,3296,2785,82642,288,316,1445,10,8,1,18311,55,72821,220,,,,,1637637,323777281,978,5,1469909,4,0,15,tests performed,44769970,33783384,10469514,1563780,1555959,13,10,3,4652,68,331002647,36,38,15,10,54225,1,151,11,19,25,,3,79,1,
USA,North America,United States,2021-02-11,27460378,105764,102152,481564,3228,2713,82961,320,309,1455,10,8,1,17710,54,70071,212,,,,,1414887,325192168,982,4,1396601,4,0,14,tests performed,46390270,34723964,11188782,1620300,1598080,14,10,3,4778,68,331002647,36,38,15,10,54225,1,151,11,19,25,,3,79,1,
USA,North America,United States,2021-02-12,27560048,99670,97187,484474,2910,2605,83262,301,294,1464,9,8,1,17331,52,67508,204,,,,,1411757,326603925,987,4,1337056,4,0,14,tests performed,48410558,35834855,12085830,2020288,1655907,14,11,4,4951,68,331002647,36,38,15,10,54225,1,151,11,19,25,,3,79,1,
USA,North America,United States,2021-02-13,27647267,87219,94765,486661,2187,2536,83526,263,286,1470,7,8,1,16862,51,64732,196,,,,,1101327,327705252,990,3,1303975,4,0,14,tests performed,50641884,37056122,13082172,2231326,1657703,15,11,4,4957,68,331002647,36,38,15,10,54225,1,151,11,19,25,,3,79,1,
USA,North America,United States,2021-02-14,27712402,65135,91249,487825,1164,2497,83723,197,276,1474,4,8,1,16346,49,63266,191,,,55870,169,663815,328369067,992,2,1280437,4,0,15,tests performed,52884356,38292270,14077440,2242472,1667631,16,11,4,4986,68,331002647,36,38,15,10,54225,1,151,11,19,25,,3,79,1,18
USA,North America,United States,2021-02-15,27766681,54279,86083,488784,959,2402,83887,164,260,1477,3,7,1,16225,49,62187,188,,,,,797914,329166981,994,2,1245555,4,0,15,tests performed,,,,,1662106,,,,4970,68,331002647,36,38,15,10,54225,1,151,11,19,25,,3,79,1,
USA,North America,United States,2021-02-16,27829179,62498,81402,490535,1751,2214,84075,189,246,1482,5,7,1,15919,48,61479,186,,,,,1249575,330416556,998,4,1182416,4,0,15,tests performed,55220364,39670551,15015434,,1716311,17,12,4,5132,68,331002647,36,38,15,10,54225,1,151,11,19,25,,3,79,1,
USA,North America,United States,2021-02-17,27899318,70139,77815,492944,2409,2087,84287,212,235,1489,7,6,1,15577,47,62226,188,,,,,1469994,331886550,1003,4,1158467,4,0,16,tests performed,56281827,40268009,15471536,1061463,1644551,17,12,5,4917,68,331002647,36,38,15,10,54225,1,151,11,19,25,,3,79,1,
USA,North America,United States,2021-02-18,27969229,69911,72693,495473,2529,1987,84499,211,220,1497,8,6,1,15022,45,58280,176,,,,,1414231,333300781,1007,4,1158373,4,0,17,tests performed,57737767,41021049,16162358,1455940,1621071,17,12,5,4847,68,331002647,36,38,15,10,54225,1,151,11,19,25,,3,79,1,
USA,North America,United States,2021-02-19,28048511,79282,69780,498085,2612,1944,84738,240,211,1505,8,6,1,14493,44,56715,171,,,,,1353238,334654019,1011,4,1150013,3,0,18,tests performed,59585043,41977401,17039118,1847276,1596355,18,13,5,4773,68,331002647,36,38,15,10,54225,1,151,11,19,25,,3,79,1,
USA,North America,United States,2021-02-20,28120207,71696,67563,499908,1823,1892,84955,217,204,1510,6,6,1,14112,43,54376,164,,,,,1057427,335711446,1014,3,1143742,3,0,18,tests performed,61289500,42809595,17895667,1704457,1521088,18,13,5,4548,68,331002647,36,38,15,10,54225,1,151,11,19,25,,3,79,1,
USA,North America,United States,2021-02-21,28177359,57152,66422,501140,1232,1902,85127,173,201,1514,4,6,1,13724,41,53591,162,,,46506,140,683444,336394890,1016,2,1146546,3,0,18,tests performed,63090634,43628092,18865319,1801134,1458040,19,13,6,4360,68,331002647,36,38,15,10,54225,1,151,11,19,25,,3,79,1,16
USA,North America,United States,2021-02-22,28233518,56159,66691,502465,1325,1954,85297,170,201,1518,4,6,1,13671,41,53002,160,,,,,1038567,337433457,1019,3,1180925,4,0,19,tests performed,64177474,44138118,19438495,1086840,1446445,19,13,6,4325,68,331002647,36,38,15,10,54225,1,151,11,19,25,,3,79,1,
USA,North America,United States,2021-02-23,28305788,72270,68087,504747,2282,2030,85515,218,206,1525,7,6,1,13354,40,51948,157,,,,,1642747,339076204,1024,5,1237093,4,0,19,tests performed,65032083,44544969,19882544,854609,1401674,19,13,6,4191,68,331002647,36,38,15,10,54225,1,151,11,19,25,,3,79,1,
USA,North America,United States,2021-02-24,28380537,74749,68746,507916,3169,2139,85741,226,208,1534,10,6,1,12891,39,50933,154,,,,,1686445,340762649,1029,5,1268014,4,0,20,tests performed,66464947,45237143,20607261,1432864,1454731,20,14,6,4350,68,331002647,36,38,15,10,54225,1,151,11,19,25,,3,79,1,
USA,North America,United States,2021-02-25,28458041,77504,69830,510366,2450,2128,85975,234,211,1542,7,6,1,12466,38,49042,148,,,,,1610809,342373458,1034,5,1296097,4,0,20,tests performed,68274117,46074392,21555117,1809170,1505193,20,14,6,4501,68,331002647,36,38,15,10,54225,1,151,11,19,25,,3,79,1,
USA,North America,United States,2021-02-26,28535390,77349,69554,512433,2067,2050,86209,234,210,1548,6,6,1,12157,37,47221,143,,,,,1475123,343848581,1039,4,1313509,4,0,20,tests performed,70454064,47184199,22613359,2179947,1552717,21,14,7,4643,68,331002647,36,38,15,10,54225,1,151,11,19,25,,3,79,1,
USA,North America,United States,2021-02-27,28600016,64626,68544,513951,1518,2006,86404,195,207,1553,5,6,1,11718,35,45328,137,,,,,1074085,344922666,1042,3,1315889,4,0,20,tests performed,72806180,48435536,23698627,2352116,1645240,22,14,7,4919,68,331002647,36,38,15,10,54225,1,151,11,19,25,,3,79,1,
USA,North America,United States,2021-02-28,28651438,51422,67726,515042,1091,1986,86560,155,205,1556,3,6,1,11555,35,44867,136,,,41785,126,632742,345555408,1044,2,1308645,4,0,20,tests performed,75236003,49772180,24779920,2429823,1735053,22,15,7,5188,68,331002647,36,38,15,10,54225,1,151,11,19,25,,3,79,1,13
USA,North America,United States,2021-03-01,28709536,58098,68003,516563,1521,2014,86735,176,205,1561,5,6,1,11365,34,43728,132,,,,,993084,346548492,1047,3,1302148,4,0,20,tests performed,76899987,50732997,25466405,1663984,1817502,23,15,8,5434,68,331002647,36,38,15,10,54225,1,151,11,19,25,,3,79,1,
USA,North America,United States,2021-03-02,28766634,57098,65835,518520,1957,1968,86908,172,199,1567,6,6,1,11042,33,42657,129,,,,,1610682,348159174,1052,5,1297567,4,0,21,tests performed,78631601,51755447,26162122,1731614,1942788,24,15,8,5809,68,331002647,36,38,15,10,54225,1,151,11,19,25,,3,79,1,
USA,North America,United States,2021-03-03,28833825,67191,64755,520988,2468,1867,87111,203,196,1574,7,6,1,10748,32,42168,127,,,,,1735765,349894939,1057,5,1304613,4,0,21,tests performed,80540474,52855579,26957804,1908873,2010790,24,16,8,6012,68,331002647,36,38,15,10,54225,1,151,11,19,25,,3,79,1,
USA,North America,United States,2021-03-04,28901885,68060,63406,522929,1941,1795,87316,206,192,1580,6,5,1,10555,32,40159,121,,,,,1551558,351446497,1062,5,1296148,4,0,22,tests performed,82572848,54035670,27795980,2032374,2042676,25,16,8,6108,64,331002647,36,38,15,10,54225,1,151,11,19,25,,3,79,1,
USA,North America,United States,2021-03-05,28968304,66419,61845,524712,1783,1754,87517,201,187,1585,5,5,1,10323,31,39565,120,,,,,1429961,352876458,1066,4,1289697,4,0,22,tests performed,85008094,55547697,28701201,2435246,2079147,25,17,9,6217,64,331002647,36,38,15,10,54225,1,151,11,19,25,,3,79,1,
USA,North America,United States,2021-03-06,29026558,58254,60935,526218,1506,1752,87693,176,184,1590,5,5,1,10028,30,38188,115,,,,,1066023,353942481,1069,3,1288545,4,0,22,tests performed,87912323,57358849,29776160,2904229,2158020,26,17,9,6453,64,331002647,36,38,15,10,54225,1,151,11,19,25,,3,79,1,
USA,North America,United States,2021-03-07,29067631,41073,59456,526917,699,1696,87817,124,180,1592,2,5,1,9847,30,37754,114,,,35613,108,608662,354551143,1071,2,1285105,4,0,23,tests performed,90351750,58873710,30686881,2439427,2159392,27,18,9,6457,64,331002647,36,38,15,10,54225,1,151,11,19,25,,3,79,1,8
USA,North America,United States,2021-03-08,29112548,44917,57573,527655,738,1585,87953,136,174,1594,2,5,1,9789,30,37671,114,,,,,975919,355527062,1074,3,1282653,4,0,23,tests performed,92089852,60005231,31493040,1738102,2169981,28,18,9,6488,64,331002647,36,38,15,10,54225,1,151,11,19,25,,3,79,1,
USA,North America,United States,2021-03-09,29170215,57667,57654,529464,1809,1563,88127,174,174,1600,5,5,1,9611,29,37018,112,,,,,1539426,357066488,1079,5,1272473,4,0,23,tests performed,93692598,61088527,32102061,1602746,2151571,28,18,10,6433,64,331002647,36,38,15,10,54225,1,151,11,19,25,,3,79,1,
USA,North America,United States,2021-03-10,29228110,57895,56326,531036,1572,1435,88302,175,170,1604,5,4,1,9455,29,36645,111,,,,,1612122,358678610,1084,5,1254810,4,0,23,tests performed,95721290,62451150,32904161,2028692,2168688,29,19,10,6485,64,331002647,36,38,15,10,54225,1,151,11,19,25,,3,79,1,
USA,North America,United States,2021-03-11,29290581,62471,55528,532589,1553,1380,88490,189,168,1609,5,4,1,9242,28,35900,108,,,,,1496168,360174778,1088,5,1246897,4,0,23,tests performed,98203893,64071674,33863127,2482603,2233006,29,19,10,6677,64,331002647,36,38,15,10,54225,1,151,11,19,25,,3,79,1,
USA,North America,United States,2021-03-12,29352094,61513,54827,534154,1565,1349,88676,186,166,1614,5,4,1,9120,28,35630,108,,,,,1397803,361572581,1092,4,1242303,4,0,23,tests performed,101128005,65965305,35000159,2924112,2302844,30,20,10,6886,64,331002647,36,38,15,10,54225,1,151,11,19,25,,3,79,1,
USA,North America,United States,2021-03-13,29405125,53031,54081,535160,1006,1277,88837,160,163,1617,3,4,1,8907,27,34970,106,,,,,1024404,362596985,1095,3,1236358,4,0,23,tests performed,105703501,68884011,36929777,4575496,2541597,32,21,11,7600,64,331002647,36,38,15,10,54225,1,151,11,19,25,,3,79,1,
USA,North America,United States,2021-03-14,29443403,38278,53682,535738,578,1260,88952,116,162,1619,2,4,1,8775,27,34400,104,,,33713,102,578755,363175740,1097,2,1232085,4,0,23,tests performed,107060274,69784210,37459269,1356773,2386932,32,21,11,7137,64,331002647,36,38,15,10,54225,1,151,11,19,25,,3,79,1,4
USA,North America,United States,2021-03-15,29499944,56541,55342,536495,757,1263,89123,171,167,1621,2,4,1,8788,27,34689,105,,,,,945880,364121620,1100,3,1227794,4,0,23,tests performed,109081860,71054445,38335432,2021586,2427430,33,21,11,7258,64,331002647,36,38,15,10,54225,1,151,11,19,25,,3,79,1,
USA,North America,United States,2021-03-16,29553952,54008,54820,537683,1188,1174,89286,163,166,1624,4,4,1,8736,26,34565,104,,,,,1494866,365616486,1105,5,1221428,4,0,23,tests performed,110737856,72135616,39042345,1655996,2435037,33,22,12,7281,64,331002647,36,38,15,10,54225,1,151,11,19,25,,3,79,1,
USA,North America,United States,2021-03-17,29613232,59280,55017,538899,1216,1123,89465,179,166,1628,4,3,1,8682,26,34584,104,,,,,1614367,367230853,1109,5,1221749,4,0,23,tests performed,113037627,73669956,39989196,2299771,2473762,34,22,12,7397,64,331002647,36,38,15,10,54225,1,151,11,19,25,,3,79,1,
USA,North America,United States,2021-03-18,29673607,60375,54718,540559,1660,1139,89648,182,165,1633,5,3,1,8521,26,34092,103,,,,,1472701,368703554,1114,4,1218397,4,0,23,tests performed,115730008,75495716,40981464,2692381,2503731,35,23,12,7486,64,331002647,36,38,15,10,54225,1,151,11,19,25,,3,79,1,
USA,North America,United States,2021-03-19,29735258,61651,54738,541706,1147,1079,89834,186,165,1637,3,3,1,8422,25,34020,103,,,,,1341825,370045379,1118,4,1210400,4,0,23,tests performed,118313818,77230061,41934629,2583810,2455116,35,23,13,7341,64,331002647,36,38,15,10,54225,1,151,11,19,25,,3,79,1,
USA,North America,United States,2021-03-20,29790777,55519,55093,542443,737,1040,90002,168,166,1639,2,3,1,8241,25,33200,100,,,,,988852,371034231,1121,3,1205321,4,0,22,tests performed,121441497,79367225,43036818,3127679,2248285,36,24,13,6723,64,331002647,36,38,15,10,54225,1,151,11,19,25,,3,79,1,
USA,North America,United States,2021-03-21,29824599,33822,54457,542890,447,1022,90104,102,165,1640,1,3,1,8128,25,33267,101,,,33036,100,613161,371647392,1123,2,1210236,4,0,22,tests performed,124481412,81415769,44141228,3039915,2488734,37,24,13,7441,64,331002647,36,38,15,10,54225,1,151,11,19,25,,3,79,1,4
USA,North America,United States,2021-03-22,29876035,51436,53727,543612,722,1017,90259,155,162,1642,2,3,1,8346,25,33725,102,,,,,972622,372620014,1126,3,1214056,4,0,22,tests performed,126509736,82772416,44910946,2028324,2489697,38,25,13,7444,66,331002647,36,38,15,10,54225,1,151,11,19,25,,3,79,1,
USA,North America,United States,2021-03-23,29929723,53688,53682,544489,877,972,90421,162,162,1645,3,3,1,8377,25,33979,103,,,,,1525025,374145039,1130,5,1218365,4,0,22,tests performed,128217029,83930495,45533962,1707293,2497025,38,25,14,7466,62,331002647,36,38,15,10,54225,1,151,11,19,25,,3,79,1,
USA,North America,United States,2021-03-24,30016661,86938,57633,546000,1511,1014,90684,263,174,1650,5,3,1,8488,26,34353,104,,,,,1651973,375797012,1135,5,1223737,4,0,22,tests performed,130473853,85472166,46365515,2256824,2490889,39,26,14,7448,62,331002647,36,38,15,10,54225,1,151,11,19,25,,3,79,1,
USA,North America,United States,2021-03-25,30084207,67546,58657,547403,1403,978,90888,204,177,1654,4,3,1,8336,25,34348,104,,,,,1442892,377239904,1140,4,1219479,4,0,21,tests performed,133305295,87343622,47419832,2831442,2510755,40,26,14,7507,62,331002647,36,38,15,10,54225,1,151,11,19,25,,3,79,1,
USA,North America,United States,2021-03-26,30161584,77377,60904,548554,1151,978,91122,234,184,1657,3,3,1,8327,25,34618,105,,,,,1370739,378610643,1144,4,1223609,4,0,20,tests performed,136684688,89559225,48695172,3379393,2624410,41,27,15,7847,62,331002647,36,38,15,10,54225,1,151,11,19,25,,3,79,1,
USA,North America,United States,2021-03-27,30224426,62842,61950,549345,791,986,91312,190,187,1660,2,3,1,8199,25,33930,103,,,,,997472,379608115,1147,3,1224841,4,0,20,tests performed,140180735,91707729,50141769,3496047,2677034,42,27,15,8004,62,331002647,36,38,15,10,54225,1,151,11,19,25,,3,79,1,
USA,North America,United States,2021-03-28,30267649,43223,63293,549870,525,997,91442,131,191,1661,2,3,1,8357,25,34447,104,,,35037,106,622184,380230299,1149,2,1226130,4,0,20,tests performed,143462691,93631163,51593564,3281956,2711611,43,28,15,8108,62,331002647,36,38,15,10,54225,1,151,11,19,25,,3,79,1,5
USA,North America,United States,2021-03-29,30336922,69273,65841,550579,709,995,91652,209,199,1663,2,3,1,8437,25,35010,106,,,,,1004976,381235275,1152,3,1230752,4,0,20,tests performed,145812835,95015762,52614231,2350144,2757586,44,28,16,8245,59,331002647,36,38,15,10,54225,1,151,11,19,25,,3,79,1,
USA,North America,United States,2021-03-30,30398351,61429,66947,551464,885,996,91837,186,202,1666,3,3,1,8572,26,35406,107,,,,,1529068,382764343,1156,5,1231329,4,0,19,tests performed,147602345,96044046,53423486,1789510,2769331,44,29,16,8280,57,331002647,36,38,15,10,54225,1,151,11,19,25,,3,79,1,
USA,North America,United States,2021-03-31,30465116,66765,64065,552541,1077,934,92039,202,194,1669,3,3,1,8502,26,35554,107,,,,,1576095,384340438,1161,5,1220489,4,0,19,tests performed,150273292,97593290,54607041,2670947,2828491,45,29,16,8457,57,331002647,36,38,15,10,54225,1,151,11,19,25,,3,79,1,
USA,North America,United States,2021-04-01,30544235,79119,65718,553618,1077,888,92278,239,199,1673,3,3,1,8472,26,35559,107,,,,,1437775,385778213,1165,4,1219758,4,0,19,tests performed,153631404,99565311,56089614,3358112,2903730,46,30,17,8682,57,331002647,36,38,15,10,54225,1,151,11,19,25,,3,79,1,
USA,North America,United States,2021-04-02,30614122,69887,64648,554570,952,859,92489,211,195,1675,3,3,1,8469,26,35599,108,,,,,1340694,387118907,1170,4,1215466,4,0,19,tests performed,157606463,101804762,57984785,3975059,2988825,47,30,17,8937,57,331002647,36,38,15,10,54225,1,151,11,19,25,,3,79,1,
USA,North America,United States,2021-04-03,30677383,63261,64708,555309,739,852,92680,191,195,1678,2,3,1,8544,26,35184,106,,,,,968021,388086928,1172,3,1211259,4,0,19,tests performed,161688422,104213478,59858146,4081959,3072527,48,31,18,9187,57,331002647,36,38,15,10,54225,1,151,11,19,25,,3,79,1,
USA,North America,United States,2021-04-04,30712516,35133,63552,555606,297,819,92786,106,192,1679,1,2,1,8608,26,35667,108,,,36173,109,562920,388649848,1174,2,1202793,4,0,19,tests performed,165053746,106214924,61416536,3365324,3084436,49,32,18,9223,57,331002647,36,38,15,10,54225,1,151,11,19,25,,3,79,1,2
USA,North America,United States,2021-04-05,30789920,77404,64714,556124,518,792,93020,234,196,1680,2,2,1,8851,27,36618,111,,,,,944718,389594566,1177,3,1194184,4,0,19,tests performed,167187795,107515428,62392065,2134049,3053566,50,32,19,9130,57,331002647,36,38,15,10,54225,1,151,11,19,25,,3,79,1,
USA,North America,United States,2021-04-06,30850594,60674,64606,556985,861,789,93203,183,195,1683,3,2,1,9012,27,37544,113,,,,,1547487,391142053,1182,5,1196816,4,0,19,tests performed,168592075,108301234,63016976,1404280,2998533,50,32,19,8966,57,331002647,36,38,15,10,54225,1,151,11,19,25,,3,79,1,
USA,North America,United States,2021-04-07,30925615,75021,65786,559578,2593,1005,93430,227,199,1691,8,3,1,9025,27,37741,114,,,,,1660663,392802716,1187,5,1208897,4,0,19,tests performed,171476655,109995734,64422618,2884580,3029052,51,33,19,9057,57,331002647,36,38,15,10,54225,1,151,11,19,25,,3,79,1,
USA,North America,United States,2021-04-08,31005509,79894,65896,560603,1025,998,93671,241,199,1694,3,3,1,9195,28,37947,115,,,,,1509864,394312580,1191,5,1219195,4,0,19,tests performed,174879716,112046611,66203123,3403061,3035473,52,34,20,9076,57,331002647,36,38,15,10,54225,1,151,11,19,25,,3,79,1,
USA,North America,United States,2021-04-09,31088219,82710,67728,561499,896,990,93921,250,205,1696,3,3,1,9146,28,37846,114,,,,,1446049,395758629,1196,4,1234246,4,0,19,tests performed,178837781,114436039,68202458,3958065,3033045,53,34,20,9069,57,331002647,36,38,15,10,54225,1,151,11,19,25,,3,79,1,
USA,North America,United States,2021-04-10,31154906,66687,68218,562211,712,986,94123,201,206,1699,2,3,1,9130,28,37539,113,,,,,1008707,396767336,1199,3,1240058,4,0,19,tests performed,183467709,117142879,70692645,4629928,3111327,55,35,21,9303,57,331002647,36,38,15,10,54225,1,151,11,19,25,,3,79,1,
USA,North America,United States,2021-04-11,31201415,46509,69843,562516,305,987,94263,141,211,1699,1,3,1,9248,28,38087,115,,,39219,118,642841,397410177,1201,2,1251476,4,0,18,tests performed,187047131,119242902,72630892,3579422,3141912,56,36,22,9394,57,331002647,36,38,15,10,54225,1,151,11,19,25,,3,79,1,6
USA,North America,United States,2021-04-12,31271490,70075,68796,562995,479,982,94475,212,208,1701,1,3,1,9455,29,38924,118,,,,,1049217,398459394,1204,3,1266404,4,0,19,tests performed,189692045,120848490,74066085,2644914,3214893,57,36,22,9613,57,331002647,36,38,15,10,54225,1,151,11,19,25,,3,79,1,
USA,North America,United States,2021-04-13,31349456,77966,71266,563830,835,978,94711,236,215,1703,3,3,1,9540,29,39199,118,,,,,1605579,400064973,1209,5,1274703,4,0,18,tests performed,192282781,122295530,75322283,2590736,3384387,57,37,23,10120,57,331002647,36,38,15,10,54225,1,151,11,19,25,,3,79,1,
USA,North America,United States,2021-04-14,31424859,75403,71321,564785,955,744,94938,228,215,1706,3,2,1,9588,29,39464,119,,,,,1666759,401731732,1214,5,1275574,4,0,18,tests performed,194791836,123917385,76681252,2509055,3330740,58,37,23,9959,57,331002647,36,38,15,10,54225,1,151,11,19,25,,3,79,1,
USA,North America,United States,2021-04-15,31499167,74308,70523,565690,905,727,95163,224,213,1709,3,2,1,9480,29,39183,118,,,,,1476466,403208198,1218,4,1270803,4,0,19,tests performed,198317040,125822868,78498290,3525204,3348189,59,38,23,10011,57,331002647,36,38,15,10,54225,1,151,11,19,25,,3,79,1,
USA,North America,United States,2021-04-16,31579238,80071,70146,566559,869,723,95405,242,212,1712,3,2,1,9533,29,39407,119,,,,,1447638,404655836,1223,4,1271030,4,0,19,tests performed,202282923,127743096,80609818,3965883,3349306,60,38,24,10015,57,331002647,36,38,15,10,54225,1,151,11,19,25,,3,79,1,
USA,North America,United States,2021-04-17,31631770,52532,68123,567256,697,721,95563,159,206,1714,2,2,1,9553,29,39006,118,,,,,1005129,405660965,1226,3,1270518,4,0,19,tests performed,205871913,129494179,82471151,3588990,3200601,62,39,25,9570,57,331002647,36,38,15,10,54225,1,151,11,19,25,,3,79,1,
USA,North America,United States,2021-04-18,31673891,42121,67497,567593,337,725,95691,127,204,1715,1,2,1,9634,29,39458,119,,,39943,121,611010,406271975,1227,2,1265971,4,0,19,tests performed,209406814,131247546,84263408,3534901,3194240,63,39,25,9551,57,331002647,36,38,15,10,54225,1,151,11,19,25,,3,79,1,3
USA,North America,United States,2021-04-19,31741996,68105,67215,568097,504,729,95897,206,203,1716,2,2,1,9831,30,40209,121,,,,,1013517,407285492,1230,3,1260871,4,0,20,tests performed,211581309,132321628,85365180,2174495,3127038,63,40,26,9350,57,331002647,36,38,15,10,54225,1,151,11,19,25,,3,79,1,
USA,North America,United States,2021-04-20,31802945,60949,64784,568939,842,730,96081,184,196,1719,3,2,1,9920,30,40204,121,,,,,1562823,408848315,1235,5,1254763,4,0,20,tests performed,213388238,133266995,86223506,1806929,3015065,64,40,26,9015,57,331002647,36,38,15,10,54225,1,151,11,19,25,,3,79,1,
USA,North America,United States,2021-04-21,31865800,62855,62992,569799,860,716,96271,190,190,1721,3,2,1,9921,30,40045,121,,,,,1646093,410494408,1240,5,1251811,4,0,20,tests performed,215951909,134445595,87592646,2563671,3022868,65,40,26,9039,57,331002647,36,38,15,10,54225,1,151,11,19,25,,3,79,1,
USA,North America,United States,2021-04-22,31933078,67278,61987,570765,966,725,96474,203,187,1724,3,2,1,9847,30,39192,118,,,,,1488988,411983396,1245,4,1253600,4,0,21,tests performed,218947643,135791031,89245776,2995734,2947229,65,41,27,8812,57,331002647,36,38,15,10,54225,1,151,11,19,25,,3,79,1,
USA,North America,United States,2021-04-23,31995489,62411,59464,571549,784,713,96662,189,180,1727,2,2,1,9709,29,38550,116,,,,,1404769,413388165,1249,4,1247476,4,0,22,tests performed,222322230,137234889,91175995,3374587,2862758,66,41,27,8560,57,331002647,36,38,15,10,54225,1,151,11,19,25,,3,79,1,
USA,North America,United States,2021-04-24,32048984,53495,59602,572297,748,720,96824,162,180,1729,2,2,1,9576,29,37355,113,,,,,991101,414379266,1252,3,1245472,4,0,23,tests performed,225640460,138644724,93078040,3318230,2824078,67,41,28,8444,57,331002647,36,38,15,10,54225,1,151,11,19,25,,3,79,1,
USA,North America,United States,2021-04-25,32081137,32153,58178,572590,293,714,96921,97,176,1730,1,2,1,9550,29,37130,112,,,37177,112,588287,414967553,1254,2,1242225,4,0,23,tests performed,228661408,139978480,94772329,3020948,2750656,68,42,28,8225,57,331002647,36,38,15,10,54225,1,151,11,19,25,,3,79,1,7
USA,North America,United States,2021-04-26,32128705,47568,55244,573084,494,712,97065,144,167,1731,1,2,1,9762,29,37537,113,,,,,992734,415960287,1257,3,1239256,4,0,23,tests performed,230768454,140969663,95888088,2107046,2741021,69,42,29,8196,57,331002647,36,38,15,10,54225,1,151,11,19,25,,3,79,1,
USA,North America,United States,2021-04-27,32179541,50836,53799,573738,654,686,97218,154,163,1733,2,2,1,9669,29,37195,112,,,,,1566081,417526368,1261,5,1239722,4,0,23,tests performed,232407669,141751857,96747454,1639215,2717062,69,42,29,8124,57,331002647,36,38,15,10,54225,1,151,11,19,25,,3,79,1,
USA,North America,United States,2021-04-28,32234691,55150,52699,574706,968,701,97385,167,159,1736,3,2,1,9540,29,36881,111,,,,,1570381,419096749,1266,5,1228906,4,0,24,tests performed,234639414,142692987,98044421,2231745,2669644,70,43,29,7982,57,331002647,36,38,15,10,54225,1,151,11,19,25,,3,79,1,
USA,North America,United States,2021-04-29,32292942,58251,51409,575579,873,688,97561,176,155,1739,3,2,1,9375,28,35986,109,,,,,1412568,420509317,1270,4,1217989,4,0,24,tests performed,237360493,143793565,99668945,2721079,2630407,71,43,30,7865,57,331002647,36,38,15,10,54225,1,151,11,19,25,,3,79,1,
USA,North America,United States,2021-04-30,32350861,57919,50767,576332,753,683,97736,175,153,1741,2,2,1,9245,28,35354,107,,,,,1308987,421818304,1274,4,1204306,4,0,24,tests performed,240159677,144894586,101407318,2799184,2548207,72,43,30,7619,57,331002647,36,38,15,10,54225,1,151,11,19,25,,3,79,1,
USA,North America,United States,2021-05-01,32396252,45391,49610,577047,715,679,97873,137,150,1743,2,2,1,9108,28,33994,103,,,,,901118,422719422,1277,3,1191451,4,0,24,tests performed,243463471,146239208,103422555,3303794,2546144,73,44,31,7613,57,331002647,36,38,15,10,54225,1,151,11,19,25,,3,79,1,
USA,North America,United States,2021-05-02,32425655,29403,49217,577383,336,685,97962,89,149,1744,1,2,1,9078,27,33753,102,,,33772,102,520309,423239731,1279,2,1181740,4,0,24,tests performed,245591469,147047012,104774652,2127998,2418580,73,44,31,7232,57,331002647,36,38,15,10,54225,1,151,11,19,25,,3,79,1,7
USA,North America,United States,2021-05-03,32476146,50491,49634,577887,504,686,98114,153,150,1746,2,2,1,9214,28,33953,103,,,,,890695,424130426,1281,3,1167163,4,0,24,tests performed,246780203,147517734,105523520,1188734,2287393,74,44,32,6839,57,331002647,36,38,15,10,54225,1,151,11,19,25,,3,79,1,
USA,North America,United States,2021-05-04,32516869,40723,48190,578762,875,718,98237,123,146,1749,3,2,1,9185,28,33739,102,,,,,1415826,425546252,1286,4,1145698,3,0,24,tests performed,247769049,147894671,106168588,988846,2194483,74,44,32,6562,57,331002647,36,38,15,10,54225,1,151,11,19,25,,3,79,1,
USA,North America,United States,2021-05-05,32561573,44704,46697,579556,794,693,98373,135,141,1751,2,2,1,8959,27,33338,101,,,,,1520887,427067139,1290,5,1138627,3,0,25,tests performed,249566820,148562891,107346533,1797771,2132487,75,44,32,6376,57,331002647,36,38,15,10,54225,1,151,11,19,25,,3,79,1,
USA,North America,United States,2021-05-06,32609130,47557,45170,580355,799,682,98516,144,136,1753,2,2,1,8838,27,32491,98,,,,,1303092,428370231,1294,4,1122988,3,0,26,tests performed,251973752,149462265,108926627,2406932,2087608,75,45,33,6242,57,331002647,36,38,15,10,54225,1,151,11,19,25,,3,79,1,
USA,North America,United States,2021-05-07,32657260,48130,43771,581114,759,683,98662,145,132,1756,2,2,1,8651,26,31821,96,,,,,1170435,429540666,1298,4,1103195,3,0,26,tests performed,254779333,150416559,110874920,2805581,2088522,76,45,33,6245,57,331002647,36,38,15,10,54225,1,151,11,19,25,,3,79,1,
USA,North America,United States,2021-05-08,32690935,33675,42098,581743,629,671,98763,102,127,1758,2,2,1,8472,26,30622,93,,,,,848212,430388878,1300,3,1095637,3,0,27,tests performed,257347205,151315505,112626771,2567872,1983391,77,45,34,5930,57,331002647,36,38,15,10,54225,1,151,11,19,25,,3,79,1,
USA,North America,United States,2021-05-09,32712362,21427,40958,581992,249,658,98828,65,124,1758,1,2,1,8362,25,30141,91,,,30244,91,482294,430871172,1302,1,1090206,3,0,29,tests performed,259716989,152116936,114258244,2369784,2017931,78,45,34,6034,52,331002647,36,38,15,10,54225,1,151,11,19,25,,3,79,1,4
USA,North America,United States,2021-05-10,32749160,36798,39002,582406,414,646,98939,111,118,1760,1,2,1,8344,25,29979,91,,,,,852213,431723385,1304,3,1084708,3,0,29,tests performed,261599381,152819904,115530780,1882392,2117025,78,46,35,6330,52,331002647,36,38,15,10,54225,1,151,11,19,25,,3,79,1,
USA,North America,United States,2021-05-11,32782822,33662,37993,583092,686,619,99041,102,115,1762,2,2,1,8301,25,29476,89,,,,,1325941,433049326,1308,4,1071868,3,0,29,tests performed,263132561,153448316,116576359,1533180,2194787,79,46,35,6563,52,331002647,36,38,15,10,54225,1,151,11,19,25,,3,79,1,
USA,North America,United States,2021-05-12,32818648,35826,36725,583860,768,615,99149,108,111,1764,2,2,1,8117,25,29107,88,,,,,1335327,434384653,1312,4,1045359,3,0,30,tests performed,264680844,153986312,117647439,1548283,2159146,79,46,35,6456,52,331002647,36,38,15,10,54225,1,151,11,19,25,,3,79,1,
USA,North America,United States,2021-05-13,32856724,38076,35371,584626,766,610,99264,115,107,1766,2,2,1,7919,24,28166,85,,,,,1187991,435572644,1316,4,1028916,3,0,30,tests performed,266596486,154624231,118987308,1915642,2088962,80,46,36,6246,52,331002647,36,38,15,10,54225,1,151,11,19,25,,3,79,1,
USA,North America,United States,2021-05-14,32898984,42260,34532,585281,655,595,99392,128,104,1768,2,2,1,7630,23,27410,83,,,,,1079346,436651990,1319,3,1015903,3,0,31,tests performed,268438666,155251852,120258637,1842180,1951333,80,46,36,5835,52,331002647,36,38,15,10,54225,1,151,11,19,25,,3,79,1,
USA,North America,United States,2021-05-15,32927841,28857,33844,585777,496,576,99479,87,102,1770,1,2,1,7411,22,26168,79,,,,,784428,437436418,1322,2,1006791,3,0,32,tests performed,270832342,156217367,121768268,2393676,1926448,81,47,36,5760,52,331002647,36,38,15,10,54225,1,151,11,19,25,,3,79,1,
USA,North America,United States,2021-05-16,32944716,16875,33193,586054,277,580,99530,51,100,1771,1,2,1,7271,22,25634,77,,,25864,78,452003,437888421,1323,1,1002464,3,0,33,tests performed,272925411,157132234,122999721,2093069,1886917,82,47,37,5642,52,331002647,36,38,15,10,54225,1,151,11,19,25,,3,79,1,3
USA,North America,United States,2021-05-17,32973337,28621,32025,586454,400,578,99617,86,97,1772,1,2,1,7300,22,25550,77,,,,,792637,438681058,1325,2,993953,3,0,33,tests performed,274411901,157827208,123828224,1486490,1830360,82,47,37,5473,52,331002647,36,38,15,10,54225,1,151,11,19,25,,3,79,1,
USA,North America,United States,2021-05-18,33001126,27789,31186,587224,770,590,99700,84,94,1774,2,2,1,7162,22,25010,76,,,,,1209070,439890128,1329,4,977257,3,0,33,tests performed,275535207,158365411,124455693,1123306,1771807,82,47,37,5298,52,331002647,36,38,15,10,54225,1,151,11,19,25,,3,79,1,
USA,North America,United States,2021-05-19,33030427,29301,30254,587899,675,577,99789,89,91,1776,2,2,1,7059,21,24917,75,,,,,1173357,441063485,1333,4,954119,3,0,34,tests performed,277290173,159174963,125453423,1754966,1801333,83,48,38,5386,52,331002647,36,38,15,10,54225,1,151,11,19,25,,3,79,1,
USA,North America,United States,2021-05-20,33060633,30206,29130,588581,682,565,99880,91,88,1778,2,2,1,6840,21,23934,72,,,,,1002780,442066265,1336,3,927660,3,0,34,tests performed,279397250,160177820,126605166,2107077,1828681,84,48,38,5468,52,331002647,36,38,15,10,54225,1,151,11,19,25,,3,79,1,
USA,North America,United States,2021-05-21,33088579,27946,27085,589196,615,559,99965,84,82,1780,2,2,1,6665,20,23388,71,,,,,977180,443043445,1338,3,913065,3,0,36,tests performed,281595351,161278336,127778250,2198101,1879526,84,48,38,5620,52,331002647,36,38,15,10,54225,1,151,11,19,25,,3,79,1,
USA,North America,United States,2021-05-22,33108377,19798,25791,589691,495,559,100025,60,78,1782,1,2,1,6472,20,22632,68,,,,,704842,443748287,1341,2,901696,3,0,36,tests performed,283941223,162470794,129006463,2345872,1872697,85,49,39,5599,52,331002647,36,38,15,10,54225,1,151,11,19,25,,3,79,1,
USA,North America,United States,2021-05-23,33121245,12868,25218,589888,197,548,100063,39,76,1782,1,2,1,6412,19,22433,68,,,22872,69,405870,444154157,1342,1,895105,3,0,37,tests performed,285720586,163309414,130014175,1779363,1827882,85,49,39,5465,47,331002647,36,38,15,10,54225,1,151,11,19,25,,3,79,1,
USA,North America,United States,2021-05-24,33147060,25815,24818,590334,446,554,100141,78,75,1783,1,2,1,6418,19,22407,68,,,,,702094,444856251,1344,2,882170,3,0,37,tests performed,286890900,163907827,130615797,1170314,1782714,86,49,39,5330,47,331002647,36,38,15,10,54225,1,151,11,19,25,,3,79,1,
USA,North America,United States,2021-05-25,33169799,22739,24096,590966,632,535,100210,69,73,1785,2,2,1,6310,19,22066,67,,,,,1065695,445921946,1347,3,861688,3,0,37,tests performed,287788872,164378258,131078608,897972,1750524,86,49,39,5234,47,331002647,36,38,15,10,54225,1,151,11,19,25,,3,79,1,
USA,North America,United States,2021-05-26,33193775,23976,23335,591945,979,578,100283,72,70,1788,3,2,1,6137,19,21575,65,,,,,1041829,446963775,1350,3,842899,3,0,38,tests performed,289212304,165074907,131850089,1423432,1703162,86,49,39,5093,47,331002647,36,38,15,10,54225,1,151,11,19,25,,3,79,1,
USA,North America,United States,2021-05-27,33221223,27448,22941,593301,1356,674,100365,83,69,1792,4,2,1,5998,18,21024,64,,,,,921272,447885047,1353,3,831255,3,0,38,tests performed,290724607,165718717,132769894,1512303,1618194,87,50,40,4838,47,331002647,36,38,15,10,54225,1,151,11,19,25,,3,79,1,
USA,North America,United States,2021-05-28,33243082,21859,22072,593865,564,667,100431,66,67,1794,2,2,1,5776,17,20365,62,,,,,830722,448715769,1356,3,810332,2,0,40,tests performed,292099778,166388129,133532544,1375171,1500632,87,50,40,4487,47,331002647,36,38,15,10,54225,1,151,11,19,25,,3,79,1,
USA,North America,United States,2021-05-29,33255083,12001,20958,594196,331,644,100468,36,63,1795,1,2,1,5603,17,19446,59,,,,,570635,449286404,1357,2,791160,2,0,40,tests performed,293705050,167157043,134418748,1605272,1394832,88,50,40,4171,47,331002647,36,38,15,10,54225,1,151,11,19,25,,3,79,1,
USA,North America,United States,2021-05-30,33261817,6734,20082,594330,134,635,100488,20,61,1796,0,2,1,5521,17,19035,58,,,19978,60,354352,449640756,1358,1,783800,2,0,42,tests performed,294928850,167733972,135087319,1223800,1315466,88,50,40,3933,47,331002647,36,38,15,10,54225,1,151,11,19,25,,3,79,1,
USA,North America,United States,2021-05-31,33267592,5775,17219,594481,151,592,100506,17,52,1796,0,2,1,5538,17,18651,56,,,,,312031,449952787,1359,1,728077,2,0,40,tests performed,,,,,1253664,,,,3749,47,331002647,36,38,15,10,54225,1,151,11,19,25,,3,79,1,
USA,North America,United States,2021-06-01,33290532,22940,17248,595128,647,595,100575,69,52,1798,2,2,1,5488,17,18627,56,,,,,698316,450651103,1361,2,675594,2,0,42,tests performed,296404240,168489729,135867425,,1230767,89,50,41,3680,47,331002647,36,38,15,10,54225,1,151,11,19,25,,3,79,1,
USA,North America,United States,2021-06-02,33307449,16917,16239,595684,556,534,100626,51,49,1800,2,2,1,5319,16,18062,55,,,,,1100748,451751851,1365,3,684011,2,0,46,tests performed,296912892,168734435,136155250,508652,1100084,89,50,41,3289,47,331002647,36,38,15,10,54225,1,151,11,19,25,,3,79,1,
USA,North America,United States,2021-06-03,33326529,19080,15044,596300,616,428,100684,58,45,1801,2,1,1,5172,16,17606,53,,,,,980930,452732781,1368,3,692533,2,0,48,tests performed,297720928,169090262,136644618,808036,999474,89,51,41,2988,47,331002647,36,38,15,10,54225,1,151,11,19,25,,3,79,1,
USA,North America,United States,2021-06-04,33343379,16850,14328,596832,532,424,100734,51,43,1803,2,1,1,4992,15,16949,51,,,,,862410,453595191,1370,3,697060,2,0,50,tests performed,299120522,169735441,137455367,1399594,1002963,89,51,41,2999,47,331002647,36,38,15,10,54225,1,151,11,19,25,,3,79,1,
USA,North America,United States,2021-06-05,33357285,13906,14600,597210,378,431,100776,42,44,1804,1,1,1,4765,14,16279,49,,,,,610951,454206142,1372,2,702820,2,0,50,tests performed,300268730,170272150,138112702,1148208,937669,90,51,41,2804,47,331002647,36,38,15,10,54225,1,151,11,19,25,,3,79,1,
USA,North America,United States,2021-06-06,33362680,5395,14409,597379,169,436,100793,16,44,1805,1,1,1,4675,14,15972,48,,,16366,49,364631,454570773,1373,1,704288,2,0,53,tests performed,301638578,170833221,138969323,1369848,958533,90,51,42,2866,47,331002647,36,38,15,10,54225,1,151,11,19,25,,3,79,1,
USA,North America,United States,2021-06-07,33378176,15496,15798,597696,317,459,100840,47,48,1806,1,1,1,4683,14,15725,48,,,,,635727,455206500,1375,2,750530,2,0,56,tests performed,302851917,171310738,139748661,1213339,1026482,91,51,42,3069,47,331002647,36,38,15,10,54225,1,151,11,19,25,,3,79,1,
USA,North America,United States,2021-06-08,33391189,13013,14380,598032,336,415,100879,39,43,1807,1,1,1,4608,14,15613,47,,,,,882188,456088688,1378,3,776798,2,0,53,tests performed,303923667,171731584,140441957,1071750,1074204,91,51,42,3212,47,331002647,36,38,15,10,54225,1,151,11,19,25,,3,79,1,
USA,North America,United States,2021-06-09,33409836,18647,14627,598478,446,399,100935,56,44,1808,1,1,1,4479,14,15246,46,,,,,868390,456957078,1381,3,743604,2,0,53,tests performed,304753476,172054276,140980110,829809,1120083,91,51,42,3349,47,331002647,36,38,15,10,54225,1,151,11,19,25,,3,79,1,
USA,North America,United States,2021-06-10,33424381,14545,13979,598905,427,372,100979,44,42,1809,1,1,1,4383,13,14816,45,,,,,783463,457740541,1383,2,715394,2,0,50,tests performed,305687618,172423605,141583252,934142,1138099,91,52,42,3403,47,331002647,36,38,15,10,54225,1,151,11,19,25,,3,79,1,
USA,North America,United States,2021-06-11,33449080,24699,15100,599555,650,389,101054,75,46,1811,2,1,1,4300,13,14396,43,,,,,754789,458495330,1385,2,700020,2,0,53,tests performed,306509795,172758350,142095530,822177,1055610,92,52,42,3156,47,331002647,36,38,15,10,54225,1,151,11,19,25,,3,79,1,
USA,North America,United States,2021-06-12,33457308,8228,14289,599840,285,376,101079,25,43,1812,1,1,1,4184,13,13917,42,,,,,552655,459047985,1387,2,691692,2,0,53,tests performed,308112728,173391711,143119077,1602933,1120571,92,52,43,3351,47,331002647,36,38,15,10,54225,1,151,11,19,25,,3,79,1,
USA,North America,United States,2021-06-13,33462085,4777,14201,599951,111,367,101093,14,43,1813,0,1,1,4048,12,13935,42,,,14824,45,344545,459392530,1388,1,688822,2,0,56,tests performed,309322545,173840483,143921222,1209817,1097710,92,52,43,3282,47,331002647,36,38,15,10,54225,1,151,11,19,25,,3,79,1,
USA,North America,United States,2021-06-14,33474815,12730,13806,600124,173,347,101132,38,42,1813,1,1,1,4067,12,13899,42,,,,,591154,459983684,1390,2,682455,2,0,56,tests performed,310645827,174234573,144919339,1323282,1113416,93,52,43,3329,,331002647,36,38,15,10,54225,1,151,11,19,25,,3,79,1,
USA,North America,United States,2021-06-15,33486120,11305,13562,600435,311,343,101166,34,41,1814,1,1,1,3941,12,13689,41,,,,,810601,460794285,1392,2,672228,2,0,56,tests performed,311886674,174674144,145768367,1240847,1137572,93,52,44,3401,,331002647,36,38,15,10,54225,1,151,11,19,25,,3,79,1,
USA,North America,United States,2021-06-16,33498545,12425,12673,600806,371,333,101203,38,38,1815,1,1,1,3881,12,13463,41,,,,,775338,461569623,1394,2,658935,2,0,56,tests performed,312915170,175053401,146456124,1028496,1165956,94,52,44,3486,,331002647,36,38,15,10,54225,1,151,11,19,25,,3,79,1,
USA,North America,United States,2021-06-17,33508938,10393,12080,601088,282,312,101235,31,36,1816,1,1,1,3808,12,13070,39,,,,,704163,462273786,1397,2,647606,2,0,56,tests performed,314969386,175867860,147758585,2054216,1325967,94,53,44,3965,,331002647,36,38,15,10,54225,1,151,11,19,25,,3,79,1,
USA,North America,United States,2021-06-18,33529529,20591,11493,601682,594,304,101297,62,35,1818,2,1,1,3737,11,12829,39,,,,,670121,462943907,1399,2,635511,2,0,59,tests performed,316048776,176290249,148459003,1079390,1362712,94,53,44,4075,,331002647,36,38,15,10,54225,1,151,11,19,25,,3,79,1,
USA,North America,United States,2021-06-19,33538049,8520,11534,601853,171,288,101323,26,35,1818,1,1,1,3670,11,12462,38,,,,,481558,463425465,1400,1,625354,2,0,59,tests performed,317117797,176737141,149125164,1069021,1286438,95,53,45,3847,,331002647,36,38,15,10,54225,1,151,11,19,25,,3,79,1,
USA,North America,United States,2021-06-20,33541941,3892,11408,601939,86,284,101334,12,34,1819,0,1,1,3650,11,12458,38,,,13413,41,308935,463734400,1401,1,620267,2,0,56,tests performed,317966408,177088290,149667646,848611,1234838,95,53,45,3692,,331002647,36,38,15,10,54225,1,151,11,19,25,,3,79,1,
USA,North America,United States,2021-06-21,33554275,12334,11351,602207,268,298,101372,37,34,1819,1,1,1,3705,11,12570,38,,,,,471233,464205633,1402,1,603136,2,0,53,tests performed,318576441,177342954,150046006,610033,1132945,95,53,45,3388,,331002647,36,38,15,10,54225,1,151,11,19,25,,3,79,1,
USA,North America,United States,2021-06-22,33565215,10940,11299,602530,323,299,101405,33,34,1820,1,1,1,3729,11,12487,38,,,,,602218,464807851,1404,2,573367,2,0,50,tests performed,319223844,177635067,150424675,647403,1048167,95,53,45,3134,,331002647,36,38,15,10,54225,1,151,11,19,25,,3,79,1,
USA,North America,United States,2021-06-23,33577651,12436,11301,602905,375,300,101442,38,34,1821,1,1,,3681,11,12603,38,,,,,571647,465379498,1406,2,544268,2,0,48,tests performed,319872053,177948892,150787303,648209,993840,96,53,45,2972,,331002647,36,38,15,10,54225,1,151,11,19,25,,3,79,1,
USA,North America,United States,2021-06-24,33590481,12830,11649,603246,341,308,101481,39,35,1822,1,1,,3613,11,12326,37,,,,,466242,465845740,1407,1,510279,2,0,44,tests performed,320687205,178331677,151252034,815152,816831,96,53,45,2442,,331002647,36,38,15,10,54225,1,151,11,19,25,,3,79,1,
USA,North America,United States,2021-06-25,33614196,23715,12095,603744,498,295,101553,72,37,1824,2,1,,3626,11,12337,37,,,,,349631,466195371,1408,1,464495,1,0,40,tests performed,321199379,178491147,151615554,512174,735800,96,53,45,2200,,331002647,36,38,15,10,54225,1,151,11,19,25,,3,79,1,
USA,North America,United States,2021-06-26,33621499,7303,11921,603891,147,291,101575,22,36,1824,0,1,,3624,11,12327,37,,,,,,,,,,,,,,322123103,178873816,152184243,923724,715044,96,53,46,2138,,331002647,36,38,15,10,54225,1,151,11,19,25,,3,79,1,
USA,North America,United States,2021-06-27,33625419,3920,11925,603965,74,289,101587,12,36,1825,0,1,,,,,,,,,,,,,,,,,,,323327328,179261269,153028665,1204225,765846,97,54,46,2290,,331002647,36,38,15,10,54225,1,151,11,19,25,,3,79,1,
USA,North America,United States,2021-06-28,33640502,15083,12318,604115,150,273,101632,46,37,1825,0,1,,,,,,,,,,,,,,,,,,,324414371,179615165,153776118,1087043,833990,97,54,46,2494,,331002647,36,38,15,10,54225,1,151,11,19,25,,3,79,1,
USA,North America,United States,2021-06-29,33652098,11596,12412,604474,359,278,101667,35,37,1826,1,1,,,,,,,,,,,,,,,,,,,325152847,179940202,154199664,738476,847000,97,54,46,2533,,331002647,36,38,15,10,54225,1,151,11,19,25,,3,79,1,
USA,North America,United States,2021-06-30,33664970,12872,12474,604714,240,258,101706,39,38,1827,1,1,,,,,,,,,,,,,,,,,,,326521526,180674739,154884686,1368679,949925,98,54,46,2840,,331002647,36,38,15,10,54225,1,151,11,19,25,,3,79,1,
